game_id,actionNumber,actionType,period,clock,clock_display,game_clock,scoreHome,scoreAway,teamId,playerName,description,previous_action,next_action,score_margin,leverage_bucket
21700369,2,period,1,PT12M00.00S,12:00,Q1 12:00,0,0,1610612754.0,,Start of 1st Period (7:11 PM EST),,turnover,0,Low
21700369,7,turnover,1,PT11M42.00S,11:42,Q1 11:42,0,0,1610612754.0,Bogdanovic,Bogdanovic Lost Ball Turnover (P1.T1),period,steal,0,Low
21700369,7,steal,1,PT11M42.00S,11:42,Q1 11:42,0,0,1610612739.0,Smith,Smith STEAL (1 STL),turnover,3pt missed,0,Low
21700369,9,3pt,1,PT11M35.00S,11:35,Q1 11:35,0,0,1610612739.0,Crowder,MISS Crowder 29' 3PT Jump Shot,steal,rebound,0,Low
21700369,10,rebound,1,PT11M32.00S,11:32,Q1 11:32,0,0,1610612754.0,Young,T. Young REBOUND (Off:0 Def:1),3pt missed,2pt missed,0,Low
21700369,11,2pt,1,PT11M27.00S,11:27,Q1 11:27,0,0,1610612754.0,Oladipo,MISS Oladipo 18' Pullup Jump Shot,rebound,rebound,0,Low
21700369,12,rebound,1,PT11M25.00S,11:25,Q1 11:25,0,0,1610612739.0,Love,Love REBOUND (Off:0 Def:1),2pt missed,turnover,0,Low
21700369,13,turnover,1,PT11M13.00S,11:13,Q1 11:13,0,0,1610612739.0,James,James Bad Pass Turnover (P1.T1),rebound,steal,0,Low
21700369,13,steal,1,PT11M13.00S,11:13,Q1 11:13,0,0,1610612754.0,Young,T. Young STEAL (1 STL),turnover,turnover,0,Low
21700369,15,turnover,1,PT11M10.00S,11:10,Q1 11:10,0,0,1610612754.0,Collison,Collison Out of Bounds Lost Ball Turnover (P1.T2),steal,3pt missed,0,Low
21700369,16,3pt,1,PT10M59.00S,10:59,Q1 10:59,0,0,1610612739.0,Love,MISS Love 27' 3PT Jump Shot,turnover,rebound,0,Low
21700369,17,rebound,1,PT10M57.00S,10:57,Q1 10:57,0,0,1610612754.0,Collison,Collison REBOUND (Off:0 Def:1),3pt missed,3pt made,0,Low
21700369,18,3pt,1,PT10M50.00S,10:50,Q1 10:50,3,0,1610612754.0,Collison,Collison 27' 3PT Pullup Jump Shot (3 PTS),rebound,turnover,3,Low
21700369,19,turnover,1,PT10M35.00S,10:35,Q1 10:35,3,0,1610612739.0,Calderon,Calderon Bad Pass Turnover (P1.T2),3pt made,steal,3,Low
21700369,19,steal,1,PT10M35.00S,10:35,Q1 10:35,3,0,1610612754.0,Oladipo,Oladipo STEAL (1 STL),turnover,3pt made,3,Low
21700369,21,3pt,1,PT10M29.00S,10:29,Q1 10:29,6,0,1610612754.0,Collison,Collison 28' 3PT Jump Shot (6 PTS) (Oladipo 1 AST),steal,2pt made,6,Low
21700369,23,2pt,1,PT10M10.00S,10:10,Q1 10:10,6,2,1610612739.0,Love,Love Driving Layup (2 PTS) (Calderon 1 AST),3pt made,2pt made,4,Low
21700369,25,2pt,1,PT10M02.00S,10:02,Q1 10:02,8,2,1610612754.0,Oladipo,Oladipo 1' Running Dunk (2 PTS),2pt made,timeout,6,Low
21700369,26,timeout,1,PT09M56.00S,09:56,Q1 09:56,8,2,1610612739.0,,Cavaliers Timeout: Regular (Reg.1 Short 0),2pt made,instant replay,6,Low
21700369,28,3pt,1,PT09M45.00S,09:45,Q1 09:45,8,2,1610612739.0,Love,MISS Love 24' 3PT Jump Shot,instant replay,rebound,6,Low
21700369,29,rebound,1,PT09M42.00S,09:42,Q1 09:42,8,2,1610612754.0,Collison,Collison REBOUND (Off:0 Def:2),3pt missed,foul,6,Low
21700369,30,foul,1,PT09M34.00S,09:34,Q1 09:34,8,2,1610612739.0,Crowder,Crowder P.FOUL (P1.T1) (L.Wood),rebound,3pt missed,6,Low
21700369,32,3pt,1,PT09M30.00S,09:30,Q1 09:30,8,2,1610612754.0,Bogdanovic,MISS Bogdanovic 27' 3PT Jump Shot,foul,rebound,6,Low
21700369,33,rebound,1,PT09M26.00S,09:26,Q1 09:26,8,2,1610612739.0,Love,Love REBOUND (Off:0 Def:2),3pt missed,2pt missed,6,Low
21700369,34,2pt,1,PT09M18.00S,09:18,Q1 09:18,8,2,1610612739.0,Crowder,MISS Crowder Cutting Layup Shot,rebound,rebound,6,Low
21700369,35,rebound,1,PT09M16.00S,09:16,Q1 09:16,8,2,1610612754.0,Oladipo,Oladipo REBOUND (Off:0 Def:1),2pt missed,turnover,6,Low
21700369,36,turnover,1,PT09M13.00S,09:13,Q1 09:13,8,2,1610612754.0,Oladipo,Oladipo Out of Bounds - Bad Pass Turnover Turnover (P1.T3),rebound,foul,6,Low
21700369,37,foul,1,PT09M08.00S,09:08,Q1 09:08,8,2,1610612754.0,Young,T. Young P.FOUL (P1.T1) (S.Foster),turnover,turnover,6,Low
21700369,39,turnover,1,PT08M58.00S,08:58,Q1 08:58,8,2,1610612739.0,James,James Bad Pass Turnover (P2.T3),foul,steal,6,Low
21700369,39,steal,1,PT08M58.00S,08:58,Q1 08:58,8,2,1610612754.0,Young,T. Young STEAL (2 STL),turnover,foul,6,Low
21700369,41,foul,1,PT08M56.00S,08:56,Q1 08:56,8,2,1610612739.0,Calderon,Calderon S.FOUL (P1.T2) (S.Foster),steal,freethrow,6,Low
21700369,43,freethrow,1,PT08M56.00S,08:56,Q1 08:56,9,2,1610612754.0,Bogdanovic,Bogdanovic Free Throw 1 of 2 (1 PTS),foul,freethrow,7,Low
21700369,44,freethrow,1,PT08M56.00S,08:56,Q1 08:56,10,2,1610612754.0,Bogdanovic,Bogdanovic Free Throw 2 of 2 (2 PTS),freethrow,foul,8,Low
21700369,45,foul,1,PT08M47.00S,08:47,Q1 08:47,10,2,1610612754.0,Bogdanovic,Bogdanovic P.FOUL (P1.T2) (S.Foster),freethrow,2pt missed,8,Low
21700369,47,2pt,1,PT08M43.00S,08:43,Q1 08:43,10,2,1610612739.0,Smith,MISS Smith 21' Pullup Jump Shot,foul,rebound,8,Low
21700369,48,rebound,1,PT08M40.00S,08:40,Q1 08:40,10,2,1610612754.0,Oladipo,Oladipo REBOUND (Off:0 Def:2),2pt missed,3pt made,8,Low
21700369,49,3pt,1,PT08M35.00S,08:35,Q1 08:35,13,2,1610612754.0,Turner,Turner 27' 3PT Jump Shot (3 PTS) (Oladipo 2 AST),rebound,2pt made,11,Low
21700369,51,2pt,1,PT08M14.00S,08:14,Q1 08:14,13,4,1610612739.0,Love,Love 5' Hook Shot (4 PTS) (James 1 AST),3pt made,3pt missed,9,Low
21700369,53,3pt,1,PT07M54.00S,07:54,Q1 07:54,13,4,1610612754.0,Collison,MISS Collison 3PT Jump Shot,2pt made,rebound,9,Low
21700369,54,rebound,1,PT07M51.00S,07:51,Q1 07:51,13,4,1610612739.0,Love,Love REBOUND (Off:0 Def:3),3pt missed,foul,9,Low
21700369,55,foul,1,PT07M32.00S,07:32,Q1 07:32,13,4,1610612754.0,Oladipo,Oladipo S.FOUL (P1.T3) (S.Foster),rebound,freethrow,9,Low
21700369,57,freethrow,1,PT07M32.00S,07:32,Q1 07:32,13,5,1610612739.0,Crowder,Crowder Free Throw 1 of 3 (1 PTS),foul,freethrow,8,Low
21700369,58,freethrow,1,PT07M32.00S,07:32,Q1 07:32,13,6,1610612739.0,Crowder,Crowder Free Throw 2 of 3 (2 PTS),freethrow,freethrow,7,Low
21700369,59,freethrow,1,PT07M32.00S,07:32,Q1 07:32,13,7,1610612739.0,Crowder,Crowder Free Throw 3 of 3 (3 PTS),freethrow,2pt made,6,Low
21700369,60,2pt,1,PT07M17.00S,07:17,Q1 07:17,15,7,1610612754.0,Young,T. Young 7' Turnaround Hook Shot (2 PTS),freethrow,2pt missed,8,Low
21700369,61,2pt,1,PT06M58.00S,06:58,Q1 06:58,15,7,1610612739.0,Smith,MISS Smith 5' Driving Floating Bank Jump Shot,2pt made,rebound,8,Low
21700369,62,rebound,1,PT06M56.00S,06:56,Q1 06:56,15,7,1610612754.0,Oladipo,Oladipo REBOUND (Off:0 Def:3),2pt missed,turnover,8,Low
21700369,63,turnover,1,PT06M56.00S,06:56,Q1 06:56,15,7,1610612754.0,Oladipo,Oladipo Out of Bounds - Bad Pass Turnover Turnover (P2.T4),rebound,2pt missed,8,Low
21700369,64,2pt,1,PT06M48.00S,06:48,Q1 06:48,15,7,1610612739.0,James,MISS James 2' Layup,turnover,rebound,8,Low
21700369,65,rebound,1,PT06M46.00S,06:46,Q1 06:46,15,7,1610612739.0,James,James REBOUND (Off:1 Def:0),2pt missed,2pt made,8,Low
21700369,66,2pt,1,PT06M45.00S,06:45,Q1 06:45,15,9,1610612739.0,James,James 1' Reverse Layup (2 PTS),rebound,3pt made,6,Low
21700369,69,3pt,1,PT06M18.00S,06:18,Q1 06:18,18,9,1610612754.0,Young,T. Young 26' 3PT Pullup Jump Shot (5 PTS) (Oladipo 3 AST),2pt made,2pt missed,9,Low
21700369,71,2pt,1,PT06M02.00S,06:02,Q1 06:02,18,9,1610612739.0,Calderon,MISS Calderon 19' Pullup Jump Shot,3pt made,rebound,9,Low
21700369,72,rebound,1,PT05M59.00S,05:59,Q1 05:59,18,9,1610612739.0,Love,Love REBOUND (Off:1 Def:3),2pt missed,2pt made,9,Low
21700369,73,2pt,1,PT05M57.00S,05:57,Q1 05:57,18,11,1610612739.0,Love,Love 9' Driving Floating Bank Jump Shot (6 PTS),rebound,foul,7,Low
21700369,74,foul,1,PT05M57.00S,05:57,Q1 05:57,18,11,1610612754.0,Collison,Collison S.FOUL (P1.T4) (S.Twardoski),2pt made,freethrow,7,Low
21700369,76,freethrow,1,PT05M57.00S,05:57,Q1 05:57,18,12,1610612739.0,Love,Love Free Throw 1 of 1 (7 PTS),foul,2pt missed,6,Low
21700369,77,2pt,1,PT05M42.00S,05:42,Q1 05:42,18,12,1610612754.0,Young,MISS T. Young 7' Jump Shot,freethrow,rebound,6,Low
21700369,78,rebound,1,PT05M40.00S,05:40,Q1 05:40,18,12,1610612739.0,Calderon,Calderon REBOUND (Off:0 Def:1),2pt missed,2pt made,6,Low
21700369,79,2pt,1,PT05M38.00S,05:38,Q1 05:38,18,14,1610612739.0,James,James 1' Cutting Dunk Shot (4 PTS) (Calderon 2 AST),rebound,2pt made,4,Low
21700369,81,2pt,1,PT05M20.00S,05:20,Q1 05:20,20,14,1610612754.0,Turner,Turner 20' Pullup Jump Shot (5 PTS) (Bogdanovic 1 AST),2pt made,2pt made,6,Low
21700369,84,2pt,1,PT05M03.00S,05:03,Q1 05:03,20,16,1610612739.0,Calderon,Calderon 3' Driving Finger Roll Layup (2 PTS),2pt made,3pt missed,4,Low
21700369,85,3pt,1,PT04M39.00S,04:39,Q1 04:39,20,16,1610612754.0,Turner,MISS Turner 27' 3PT Jump Shot,2pt made,rebound,4,Low
21700369,86,rebound,1,PT04M35.00S,04:35,Q1 04:35,20,16,1610612739.0,Smith,Smith REBOUND (Off:0 Def:1),3pt missed,foul,4,Low
21700369,87,foul,1,PT04M22.00S,04:22,Q1 04:22,20,16,1610612754.0,Oladipo,PACERS T.Foul (Def. 3 Sec Oladipo ) (S.Foster),rebound,freethrow,4,Low
21700369,88,freethrow,1,PT04M22.00S,04:22,Q1 04:22,20,16,1610612739.0,Love,MISS Love Free Throw Technical,foul,rebound,4,Low
21700369,89,rebound,1,PT04M22.00S,04:22,Q1 04:22,20,16,1610612739.0,,TEAM offensive REBOUND,freethrow,3pt missed,4,Low
21700369,90,3pt,1,PT04M17.00S,04:17,Q1 04:17,20,16,1610612739.0,Crowder,MISS Crowder 26' 3PT Jump Shot,rebound,rebound,4,Low
21700369,91,rebound,1,PT04M12.00S,04:12,Q1 04:12,20,16,1610612739.0,Love,Love REBOUND (Off:2 Def:3),3pt missed,2pt missed,4,Low
21700369,92,2pt,1,PT04M11.00S,04:11,Q1 04:11,20,16,1610612739.0,Love,MISS Love 2' Floating Jump Shot,rebound,rebound,4,Low
21700369,93,rebound,1,PT04M11.00S,04:11,Q1 04:11,20,16,1610612739.0,Crowder,Crowder REBOUND (Off:1 Def:0),2pt missed,3pt made,4,Low
21700369,94,3pt,1,PT04M07.00S,04:07,Q1 04:07,20,19,1610612739.0,Smith,Smith 28' 3PT Jump Shot (3 PTS) (Crowder 1 AST),rebound,timeout,1,Low
21700369,96,timeout,1,PT04M00.00S,04:00,Q1 04:00,20,19,1610612754.0,,PACERS Timeout: Regular (Full 1 Short 0),3pt made,3pt made,1,Low
21700369,97,3pt,1,PT03M51.00S,03:51,Q1 03:51,23,19,1610612754.0,Oladipo,Oladipo 24' 3PT Jump Shot (5 PTS) (T. Young 1 AST),timeout,3pt made,4,Low
21700369,99,3pt,1,PT03M32.00S,03:32,Q1 03:32,23,22,1610612739.0,Smith,Smith 3PT Jump Shot (6 PTS) (Love 1 AST),3pt made,2pt made,1,Low
21700369,101,2pt,1,PT03M18.00S,03:18,Q1 03:18,25,22,1610612754.0,Young,T. Young 1' Reverse Layup (7 PTS) (Turner 1 AST),3pt made,3pt made,3,Low
21700369,103,3pt,1,PT02M55.00S,02:55,Q1 02:55,25,25,1610612739.0,James,James 24' 3PT Step Back Jump Shot (7 PTS),2pt made,2pt missed,0,Low
21700369,104,2pt,1,PT02M47.00S,02:47,Q1 02:47,25,25,1610612754.0,Oladipo,MISS Oladipo 20' Pullup Jump Shot,3pt made,rebound,0,Low
21700369,105,rebound,1,PT02M45.00S,02:45,Q1 02:45,25,25,1610612739.0,Calderon,Calderon REBOUND (Off:0 Def:2),2pt missed,2pt made,0,Low
21700369,106,2pt,1,PT02M35.00S,02:35,Q1 02:35,25,27,1610612739.0,James,James 8' Pullup Jump Shot (9 PTS),rebound,foul,2,Low
21700369,107,foul,1,PT02M35.00S,02:35,Q1 02:35,25,27,1610612754.0,Bogdanovic,Bogdanovic S.FOUL (P2.PN) (L.Wood),2pt made,freethrow,2,Low
21700369,117,freethrow,1,PT02M35.00S,02:35,Q1 02:35,25,28,1610612739.0,James,James Free Throw 1 of 1 (10 PTS),foul,substitution,3,Low
21700369,109,substitution,1,PT02M35.00S,02:35,Q1 02:35,25,27,1610612754.0,Collison,SUB out: D. Collison,freethrow,substitution,2,Low
21700369,110,substitution,1,PT02M35.00S,02:35,Q1 02:35,25,27,1610612754.0,Young,SUB out: T. Young,substitution,substitution,2,Low
21700369,111,substitution,1,PT02M35.00S,02:35,Q1 02:35,25,27,1610612754.0,Bogdanovic,SUB out: B. Bogdanovic,substitution,substitution,2,Low
21700369,112,substitution,1,PT02M35.00S,02:35,Q1 02:35,25,27,1610612739.0,Calderon,SUB out: J. Calderon,substitution,substitution,2,Low
21700369,113,substitution,1,PT02M35.00S,02:35,Q1 02:35,25,27,1610612754.0,Stephenson,SUB in: L. Stephenson,substitution,substitution,2,Low
21700369,114,substitution,1,PT02M35.00S,02:35,Q1 02:35,25,27,1610612754.0,Joseph,SUB in: C. Joseph,substitution,substitution,2,Low
21700369,115,substitution,1,PT02M35.00S,02:35,Q1 02:35,25,27,1610612754.0,Sabonis,SUB in: D. Sabonis,substitution,substitution,2,Low
21700369,116,substitution,1,PT02M35.00S,02:35,Q1 02:35,25,27,1610612739.0,Wade,SUB in: D. Wade,substitution,2pt missed,2,Low
21700369,118,2pt,1,PT02M20.00S,02:20,Q1 02:20,25,28,1610612754.0,Turner,MISS Turner 18' Jump Shot,substitution,rebound,3,Low
21700369,119,rebound,1,PT02M20.00S,02:20,Q1 02:20,25,28,1610612739.0,,TEAM defensive REBOUND,2pt missed,foul,3,Low
21700369,120,foul,1,PT02M20.00S,02:20,Q1 02:20,25,28,1610612754.0,Sabonis,Sabonis L.B.FOUL (P1.PN) (L.Wood),rebound,freethrow,3,Low
21700369,122,freethrow,1,PT02M20.00S,02:20,Q1 02:20,25,28,1610612739.0,Love,MISS Love Free Throw 1 of 2,foul,rebound,3,Low
21700369,123,rebound,1,PT02M20.00S,02:20,Q1 02:20,25,28,1610612739.0,,TEAM offensive REBOUND,freethrow,freethrow,3,Low
21700369,126,freethrow,1,PT02M20.00S,02:20,Q1 02:20,25,28,1610612739.0,Love,MISS Love Free Throw 2 of 2,rebound,substitution,3,Low
21700369,124,substitution,1,PT02M20.00S,02:20,Q1 02:20,25,28,1610612739.0,Crowder,SUB out: J. Crowder,freethrow,substitution,3,Low
21700369,125,substitution,1,PT02M20.00S,02:20,Q1 02:20,25,28,1610612739.0,Green,SUB in: J. Green,substitution,rebound,3,Low
21700369,127,rebound,1,PT02M18.00S,02:18,Q1 02:18,25,28,1610612754.0,Sabonis,Sabonis REBOUND (Off:0 Def:1),substitution,3pt made,3,Low
21700369,128,3pt,1,PT02M09.00S,02:09,Q1 02:09,28,28,1610612754.0,Oladipo,Oladipo 3PT Jump Shot (8 PTS) (Stephenson 1 AST),rebound,3pt made,0,Low
21700369,130,3pt,1,PT01M54.00S,01:54,Q1 01:54,28,31,1610612739.0,Love,Love 26' 3PT Jump Shot (10 PTS) (Wade 1 AST),3pt made,3pt missed,3,Low
21700369,132,3pt,1,PT01M38.00S,01:38,Q1 01:38,28,31,1610612754.0,Oladipo,MISS Oladipo 26' 3PT Jump Shot,3pt made,rebound,3,Low
21700369,133,rebound,1,PT01M34.00S,01:34,Q1 01:34,28,31,1610612739.0,Smith,Smith REBOUND (Off:0 Def:2),3pt missed,2pt missed,3,Low
21700369,134,2pt,1,PT01M29.00S,01:29,Q1 01:29,28,31,1610612739.0,Love,MISS Love 9' Turnaround Fadeaway Shot,rebound,rebound,3,Low
21700369,135,rebound,1,PT01M26.00S,01:26,Q1 01:26,28,31,1610612754.0,Stephenson,Stephenson REBOUND (Off:0 Def:1),2pt missed,2pt made,3,Low
21700369,136,2pt,1,PT01M21.00S,01:21,Q1 01:21,30,31,1610612754.0,Stephenson,Stephenson 20' Step Back Jump Shot (2 PTS),rebound,2pt made,1,Low
21700369,138,2pt,1,PT01M06.00S,01:06,Q1 01:06,30,33,1610612739.0,James,James 1' Jump Shot (12 PTS) (Love 2 AST),2pt made,2pt made,3,Low
21700369,141,2pt,1,PT00M55.90S,00:55,Q1 00:55,32,33,1610612754.0,Turner,Turner 7' Jump Shot (7 PTS) (Joseph 1 AST),2pt made,2pt missed,1,Low
21700369,143,2pt,1,PT00M35.50S,00:35,Q1 00:35,32,33,1610612739.0,James,MISS James 20' Pullup Jump Shot,2pt made,rebound,1,Low
21700369,144,rebound,1,PT00M33.50S,00:33,Q1 00:33,32,33,1610612754.0,,TEAM defensive REBOUND,2pt missed,foul,1,Low
21700369,145,foul,1,PT00M33.50S,00:33,Q1 00:33,32,33,1610612739.0,Green,Green L.B.FOUL (P1.T3) (S.Foster),rebound,substitution,1,Low
21700369,147,substitution,1,PT00M33.50S,00:33,Q1 00:33,32,33,1610612739.0,Love,SUB out: K. Love,foul,substitution,1,Low
21700369,148,substitution,1,PT00M33.50S,00:33,Q1 00:33,32,33,1610612739.0,Smith,SUB out: J. Smith,substitution,substitution,1,Low
21700369,149,substitution,1,PT00M33.50S,00:33,Q1 00:33,32,33,1610612739.0,James,SUB out: L. James,substitution,substitution,1,Low
21700369,150,substitution,1,PT00M33.50S,00:33,Q1 00:33,32,33,1610612739.0,Osman,SUB in: C. Osman,substitution,substitution,1,Low
21700369,151,substitution,1,PT00M33.50S,00:33,Q1 00:33,32,33,1610612739.0,Frye,SUB in: C. Frye,substitution,substitution,1,Low
21700369,152,substitution,1,PT00M33.50S,00:33,Q1 00:33,32,33,1610612739.0,Korver,SUB in: K. Korver,substitution,2pt missed,1,Low
21700369,153,2pt,1,PT00M26.00S,00:26,Q1 00:26,32,33,1610612754.0,Turner,MISS Turner 4' Cutting Layup Shot,substitution,block,1,Low
21700369,153,block,1,PT00M26.00S,00:26,Q1 00:26,32,33,1610612739.0,Frye,Frye BLOCK (1 BLK),2pt missed,rebound,1,Low
21700369,155,rebound,1,PT00M21.20S,00:21,Q1 00:21,32,33,1610612739.0,Osman,Osman REBOUND (Off:0 Def:1),block,3pt missed,1,Low
21700369,156,3pt,1,PT00M01.00S,00:01,Q1 00:01,32,33,1610612739.0,Frye,MISS Frye 27' 3PT Jump Shot,rebound,block,1,Low
21700369,156,block,1,PT00M01.00S,00:01,Q1 00:01,32,33,1610612754.0,Turner,Turner BLOCK (1 BLK),3pt missed,rebound,1,Low
21700369,157,rebound,1,PT00M01.00S,00:01,Q1 00:01,32,33,1610612739.0,,TEAM offensive REBOUND,block,period,1,Low
21700369,158,period,1,PT00M00.00S,00:00,Q1 00:00,32,33,1610612754.0,,End of 1st Period (7:37 PM EST),rebound,period,1,Low
21700369,164,period,2,PT12M00.00S,12:00,Q2 12:00,32,33,1610612754.0,,Start of 2nd Period (7:40 PM EST),period,substitution,1,Low
21700369,165,turnover,2,PT11M46.00S,11:46,Q2 11:46,32,33,1610612739.0,Wade,Wade Bad Pass Turnover (P1.T4),substitution,steal,1,Low
21700369,165,steal,2,PT11M46.00S,11:46,Q2 11:46,32,33,1610612754.0,Stephenson,Stephenson STEAL (1 STL),turnover,2pt made,1,Low
21700369,167,2pt,2,PT11M43.00S,11:43,Q2 11:43,34,33,1610612754.0,Stephenson,Stephenson 1' Running Finger Roll Layup (4 PTS),steal,2pt made,1,Low
21700369,168,2pt,2,PT11M29.00S,11:29,Q2 11:29,34,35,1610612739.0,Green,Green 2' Cutting Layup Shot (2 PTS) (Korver 1 AST),2pt made,foul,1,Low
21700369,170,foul,2,PT11M29.00S,11:29,Q2 11:29,34,35,1610612754.0,Wilkins,Wilkins S.FOUL (P1.T1) (S.Twardoski),2pt made,freethrow,1,Low
21700369,172,freethrow,2,PT11M29.00S,11:29,Q2 11:29,34,36,1610612739.0,Green,Green Free Throw 1 of 1 (3 PTS),foul,2pt made,2,Low
21700369,173,2pt,2,PT11M13.00S,11:13,Q2 11:13,36,36,1610612754.0,Sabonis,Sabonis Cutting Layup Shot (2 PTS) (Stephenson 2 AST),freethrow,3pt made,0,Low
21700369,175,3pt,2,PT11M03.00S,11:03,Q2 11:03,36,39,1610612739.0,Wade,Wade 26' 3PT Pullup Jump Shot (3 PTS),2pt made,3pt missed,3,Low
21700369,176,3pt,2,PT10M50.00S,10:50,Q2 10:50,36,39,1610612754.0,Stephenson,MISS Stephenson 27' 3PT Step Back Jump Shot,3pt made,rebound,3,Low
21700369,177,rebound,2,PT10M47.00S,10:47,Q2 10:47,36,39,1610612739.0,Osman,Osman REBOUND (Off:0 Def:2),3pt missed,2pt made,3,Low
21700369,178,2pt,2,PT10M40.00S,10:40,Q2 10:40,36,41,1610612739.0,Frye,Frye 19' Step Back Jump Shot (2 PTS) (Wade 2 AST),rebound,2pt missed,5,Low
21700369,180,2pt,2,PT10M29.00S,10:29,Q2 10:29,36,41,1610612754.0,Joseph,MISS Joseph 14' Pullup Jump Shot,2pt made,rebound,5,Low
21700369,181,rebound,2,PT10M26.00S,10:26,Q2 10:26,36,41,1610612739.0,Korver,Korver REBOUND (Off:0 Def:1),2pt missed,2pt missed,5,Low
21700369,182,2pt,2,PT10M12.00S,10:12,Q2 10:12,36,41,1610612739.0,Osman,MISS Osman 20' Jump Shot,rebound,rebound,5,Low
21700369,183,rebound,2,PT10M08.00S,10:08,Q2 10:08,36,41,1610612754.0,Sabonis,Sabonis REBOUND (Off:0 Def:2),2pt missed,3pt missed,5,Low
21700369,184,3pt,2,PT10M00.00S,10:00,Q2 10:00,36,41,1610612754.0,Wilkins,MISS Wilkins 27' 3PT Jump Shot,rebound,rebound,5,Low
21700369,185,rebound,2,PT09M57.00S,09:57,Q2 09:57,36,41,1610612739.0,Green,Green REBOUND (Off:0 Def:1),3pt missed,2pt missed,5,Low
21700369,186,2pt,2,PT09M52.00S,09:52,Q2 09:52,36,41,1610612739.0,Green,MISS Green 7' Jump Shot,rebound,rebound,5,Low
21700369,187,rebound,2,PT09M51.00S,09:51,Q2 09:51,36,41,1610612739.0,Green,Green REBOUND (Off:1 Def:1),2pt missed,2pt missed,5,Low
21700369,218,2pt,2,PT09M51.00S,09:51,Q2 09:51,36,41,1610612739.0,Green,MISS Green Tip Layup Shot,rebound,rebound,5,Low
21700369,219,rebound,2,PT09M49.00S,09:49,Q2 09:49,36,41,1610612754.0,Joseph,Joseph REBOUND (Off:0 Def:1),2pt missed,foul,5,Low
21700369,188,foul,2,PT09M47.00S,09:47,Q2 09:47,36,41,1610612739.0,Osman,Osman Personal Take Foul (P1.T1) (S.Foster),rebound,3pt made,5,Low
21700369,190,3pt,2,PT09M38.00S,09:38,Q2 09:38,39,41,1610612754.0,Stephenson,Stephenson 31' 3PT Jump Shot (7 PTS),foul,2pt made,2,Low
21700369,191,2pt,2,PT09M27.00S,09:27,Q2 09:27,39,43,1610612739.0,Korver,Korver 18' Pullup Jump Shot (2 PTS) (Wade 3 AST),3pt made,2pt made,4,Low
21700369,193,2pt,2,PT09M14.00S,09:14,Q2 09:14,41,43,1610612754.0,Joseph,Joseph 15' Floating Jump Shot (2 PTS),2pt made,turnover,2,Low
21700369,194,turnover,2,PT09M06.00S,09:06,Q2 09:06,41,43,1610612739.0,Osman,Osman Discontinue Dribble Turnover (P1.T5),2pt made,foul,2,Low
21700369,195,foul,2,PT08M57.00S,08:57,Q2 08:57,41,43,1610612739.0,Wade,Wade P.FOUL (P1.T2) (S.Twardoski),turnover,2pt made,2,Low
21700369,197,2pt,2,PT08M51.00S,08:51,Q2 08:51,43,43,1610612754.0,Joseph,Joseph 16' Pullup Jump Shot (4 PTS),foul,turnover,0,Low
21700369,198,turnover,2,PT08M34.00S,08:34,Q2 08:34,43,43,1610612739.0,Wade,Wade Bad Pass Turnover (P2.T6),2pt made,steal,0,Low
21700369,198,steal,2,PT08M34.00S,08:34,Q2 08:34,43,43,1610612754.0,Leaf,Leaf STEAL (1 STL),turnover,foul,0,Low
21700369,200,foul,2,PT08M31.00S,08:31,Q2 08:31,43,43,1610612739.0,Frye,Frye S.FOUL (P1.T3) (S.Foster),steal,freethrow,0,Low
21700369,202,freethrow,2,PT08M31.00S,08:31,Q2 08:31,44,43,1610612754.0,Wilkins,Wilkins Free Throw 1 of 2 (1 PTS),foul,freethrow,1,Low
21700369,205,freethrow,2,PT08M31.00S,08:31,Q2 08:31,44,43,1610612754.0,Wilkins,MISS Wilkins Free Throw 2 of 2,freethrow,substitution,1,Low
21700369,203,substitution,2,PT08M31.00S,08:31,Q2 08:31,44,43,1610612754.0,Leaf,SUB out: T. Leaf,freethrow,substitution,1,Low
21700369,204,substitution,2,PT08M31.00S,08:31,Q2 08:31,44,43,1610612754.0,Young,SUB in: T. Young,substitution,rebound,1,Low
21700369,206,rebound,2,PT08M28.00S,08:28,Q2 08:28,44,43,1610612739.0,Osman,Osman REBOUND (Off:0 Def:3),substitution,2pt missed,1,Low
21700369,207,2pt,2,PT08M18.00S,08:18,Q2 08:18,44,43,1610612739.0,Wade,MISS Wade 19' Pullup Jump Shot,rebound,rebound,1,Low
21700369,208,rebound,2,PT08M15.00S,08:15,Q2 08:15,44,43,1610612754.0,Sabonis,Sabonis REBOUND (Off:0 Def:3),2pt missed,3pt missed,1,Low
21700369,209,3pt,2,PT08M01.00S,08:01,Q2 08:01,44,43,1610612754.0,Stephenson,MISS Stephenson 28' 3PT Jump Shot,rebound,rebound,1,Low
21700369,210,rebound,2,PT07M58.00S,07:58,Q2 07:58,44,43,1610612739.0,Osman,Osman REBOUND (Off:0 Def:4),3pt missed,2pt made,1,Low
21700369,211,2pt,2,PT07M50.00S,07:50,Q2 07:50,44,45,1610612739.0,Osman,Osman 1' Driving Finger Roll Layup (2 PTS),rebound,3pt made,1,Low
21700369,212,3pt,2,PT07M43.00S,07:43,Q2 07:43,47,45,1610612754.0,Joseph,Joseph 26' 3PT Pullup Jump Shot (7 PTS),2pt made,2pt made,2,Low
21700369,213,2pt,2,PT07M22.00S,07:22,Q2 07:22,47,47,1610612739.0,Wade,Wade 18' Step Back Jump Shot (5 PTS) (Frye 1 AST),3pt made,2pt made,0,Low
21700369,215,2pt,2,PT07M10.00S,07:10,Q2 07:10,49,47,1610612754.0,Sabonis,Sabonis 2' Cutting Dunk Shot (4 PTS) (Stephenson 3 AST),2pt made,timeout,2,Low
21700369,217,timeout,2,PT07M09.00S,07:09,Q2 07:09,49,47,1610612739.0,,Cavaliers Timeout: Regular (Reg.2 Short 0),2pt made,substitution,2,Low
21700369,220,substitution,2,PT07M09.00S,07:09,Q2 07:09,49,47,1610612754.0,Wilkins,SUB out: D. Wilkins,timeout,substitution,2,Low
21700369,221,substitution,2,PT07M09.00S,07:09,Q2 07:09,49,47,1610612739.0,Frye,SUB out: C. Frye,substitution,substitution,2,Low
21700369,222,substitution,2,PT07M09.00S,07:09,Q2 07:09,49,47,1610612754.0,Bogdanovic,SUB in: B. Bogdanovic,substitution,substitution,2,Low
21700369,223,substitution,2,PT07M09.00S,07:09,Q2 07:09,49,47,1610612739.0,James,SUB in: L. James,substitution,turnover,2,Low
21700369,640,turnover,2,PT06M55.00S,06:55,Q2 06:55,49,47,1610612739.0,Green,Green Lost Ball Turnover (P1.T7),substitution,steal,2,Low
21700369,640,steal,2,PT06M55.00S,06:55,Q2 06:55,49,47,1610612754.0,Young,T. Young STEAL (3 STL),turnover,2pt missed,2,Low
21700369,227,2pt,2,PT06M43.00S,06:43,Q2 06:43,49,47,1610612754.0,Young,MISS T. Young 6' Turnaround Hook Shot,steal,rebound,2,Low
21700369,228,rebound,2,PT06M40.00S,06:40,Q2 06:40,49,47,1610612739.0,James,James REBOUND (Off:1 Def:1),2pt missed,2pt made,2,Low
21700369,229,2pt,2,PT06M34.00S,06:34,Q2 06:34,49,49,1610612739.0,James,James 1' Cutting Dunk Shot (14 PTS) (Wade 4 AST),rebound,3pt missed,0,Low
21700369,231,3pt,2,PT06M13.00S,06:13,Q2 06:13,49,49,1610612754.0,Bogdanovic,MISS Bogdanovic 27' 3PT Jump Shot,2pt made,rebound,0,Low
21700369,232,rebound,2,PT06M11.00S,06:11,Q2 06:11,49,49,1610612739.0,Korver,Korver REBOUND (Off:0 Def:2),3pt missed,2pt made,0,Low
21700369,233,2pt,2,PT05M56.00S,05:56,Q2 05:56,49,51,1610612739.0,Wade,Wade 1' Dunk (7 PTS) (James 2 AST),rebound,3pt made,2,Low
21700369,235,3pt,2,PT05M33.00S,05:33,Q2 05:33,52,51,1610612754.0,Joseph,Joseph 28' 3PT Jump Shot (10 PTS) (Sabonis 1 AST),2pt made,2pt made,1,Low
21700369,237,2pt,2,PT05M15.00S,05:15,Q2 05:15,52,53,1610612739.0,Green,Green 2' Driving Dunk (5 PTS),3pt made,timeout,1,Low
21700369,238,timeout,2,PT05M06.00S,05:06,Q2 05:06,52,53,1610612754.0,,PACERS Timeout: Regular (Full 2 Short 0),2pt made,substitution,1,Low
21700369,239,substitution,2,PT05M06.00S,05:06,Q2 05:06,52,53,1610612754.0,Stephenson,SUB out: L. Stephenson,timeout,substitution,1,Low
21700369,240,substitution,2,PT05M06.00S,05:06,Q2 05:06,52,53,1610612754.0,Sabonis,SUB out: D. Sabonis,substitution,substitution,1,Low
21700369,241,substitution,2,PT05M06.00S,05:06,Q2 05:06,52,53,1610612739.0,Osman,SUB out: C. Osman,substitution,substitution,1,Low
21700369,242,substitution,2,PT05M06.00S,05:06,Q2 05:06,52,53,1610612754.0,Oladipo,SUB in: V. Oladipo,substitution,substitution,1,Low
21700369,243,substitution,2,PT05M06.00S,05:06,Q2 05:06,52,53,1610612754.0,Turner,SUB in: M. Turner,substitution,substitution,1,Low
21700369,244,substitution,2,PT05M06.00S,05:06,Q2 05:06,52,53,1610612739.0,Smith,SUB in: J. Smith,substitution,turnover,1,Low
21700369,245,turnover,2,PT04M59.00S,04:59,Q2 04:59,52,53,1610612754.0,Joseph,Joseph Lost Ball Turnover (P1.T5),substitution,steal,1,Low
21700369,245,steal,2,PT04M59.00S,04:59,Q2 04:59,52,53,1610612739.0,Wade,Wade STEAL (1 STL),turnover,3pt missed,1,Low
21700369,249,3pt,2,PT04M36.00S,04:36,Q2 04:36,52,53,1610612739.0,James,MISS James 27' 3PT Step Back Jump Shot,steal,rebound,1,Low
21700369,250,rebound,2,PT04M33.00S,04:33,Q2 04:33,52,53,1610612754.0,Turner,Turner REBOUND (Off:0 Def:1),3pt missed,2pt made,1,Low
21700369,251,2pt,2,PT04M19.00S,04:19,Q2 04:19,54,53,1610612754.0,Turner,Turner 1' Dunk (9 PTS) (Oladipo 4 AST),rebound,foul,1,Low
21700369,253,foul,2,PT04M19.00S,04:19,Q2 04:19,54,53,1610612739.0,Wade,Wade S.FOUL (P2.T4) (S.Twardoski),2pt made,freethrow,1,Low
21700369,263,freethrow,2,PT04M19.00S,04:19,Q2 04:19,55,53,1610612754.0,Turner,Turner Free Throw 1 of 1 (10 PTS),foul,substitution,2,Low
21700369,255,substitution,2,PT04M19.00S,04:19,Q2 04:19,54,53,1610612739.0,Wade,SUB out: D. Wade,freethrow,substitution,1,Low
21700369,256,substitution,2,PT04M19.00S,04:19,Q2 04:19,54,53,1610612739.0,Korver,SUB out: K. Korver,substitution,substitution,1,Low
21700369,257,substitution,2,PT04M19.00S,04:19,Q2 04:19,54,53,1610612739.0,Green,SUB out: J. Green,substitution,substitution,1,Low
21700369,258,substitution,2,PT04M19.00S,04:19,Q2 04:19,54,53,1610612754.0,Joseph,SUB out: C. Joseph,substitution,substitution,1,Low
21700369,259,substitution,2,PT04M19.00S,04:19,Q2 04:19,54,53,1610612739.0,Love,SUB in: K. Love,substitution,substitution,1,Low
21700369,260,substitution,2,PT04M19.00S,04:19,Q2 04:19,54,53,1610612739.0,Crowder,SUB in: J. Crowder,substitution,substitution,1,Low
21700369,261,substitution,2,PT04M19.00S,04:19,Q2 04:19,54,53,1610612739.0,Calderon,SUB in: J. Calderon,substitution,substitution,1,Low
21700369,262,substitution,2,PT04M19.00S,04:19,Q2 04:19,54,53,1610612754.0,Collison,SUB in: D. Collison,substitution,3pt missed,1,Low
21700369,264,3pt,2,PT04M00.00S,04:00,Q2 04:00,55,53,1610612739.0,Love,MISS Love 28' 3PT Jump Shot,substitution,rebound,2,Low
21700369,265,rebound,2,PT03M57.00S,03:57,Q2 03:57,55,53,1610612739.0,Crowder,Crowder REBOUND (Off:2 Def:0),3pt missed,3pt made,2,Low
21700369,266,3pt,2,PT03M47.00S,03:47,Q2 03:47,55,56,1610612739.0,Crowder,Crowder 26' 3PT Jump Shot (6 PTS) (James 3 AST),rebound,3pt missed,1,Low
21700369,268,3pt,2,PT03M29.00S,03:29,Q2 03:29,55,56,1610612754.0,Oladipo,MISS Oladipo 27' 3PT Pullup Jump Shot,3pt made,rebound,1,Low
21700369,269,rebound,2,PT03M26.00S,03:26,Q2 03:26,55,56,1610612739.0,Love,Love REBOUND (Off:2 Def:4),3pt missed,3pt missed,1,Low
21700369,270,3pt,2,PT03M12.00S,03:12,Q2 03:12,55,56,1610612739.0,Calderon,MISS Calderon 3PT Jump Shot,rebound,rebound,1,Low
21700369,271,rebound,2,PT03M09.00S,03:09,Q2 03:09,55,56,1610612754.0,Young,T. Young REBOUND (Off:0 Def:2),3pt missed,turnover,1,Low
21700369,272,turnover,2,PT03M05.00S,03:05,Q2 03:05,55,56,1610612754.0,Young,T. Young Bad Pass Turnover (P1.T6),rebound,steal,1,Low
21700369,272,steal,2,PT03M05.00S,03:05,Q2 03:05,55,56,1610612739.0,Calderon,Calderon STEAL (1 STL),turnover,3pt missed,1,Low
21700369,274,3pt,2,PT03M00.00S,03:00,Q2 03:00,55,56,1610612739.0,Smith,MISS Smith 3PT Jump Shot,steal,rebound,1,Low
21700369,275,rebound,2,PT02M58.00S,02:58,Q2 02:58,55,56,1610612754.0,Collison,Collison REBOUND (Off:0 Def:3),3pt missed,3pt missed,1,Low
21700369,276,3pt,2,PT02M48.00S,02:48,Q2 02:48,55,56,1610612754.0,Oladipo,MISS Oladipo 28' 3PT Jump Shot,rebound,rebound,1,Low
21700369,277,rebound,2,PT02M45.00S,02:45,Q2 02:45,55,56,1610612739.0,Crowder,Crowder REBOUND (Off:2 Def:1),3pt missed,2pt missed,1,Low
21700369,278,2pt,2,PT02M27.00S,02:27,Q2 02:27,55,56,1610612739.0,Crowder,MISS Crowder 20' Step Back Jump Shot,rebound,rebound,1,Low
21700369,279,rebound,2,PT02M22.00S,02:22,Q2 02:22,55,56,1610612739.0,Smith,Smith REBOUND (Off:1 Def:2),2pt missed,2pt made,1,Low
21700369,280,2pt,2,PT02M20.00S,02:20,Q2 02:20,55,58,1610612739.0,James,James 1' Alley Oop Dunk (16 PTS) (Calderon 3 AST),rebound,timeout,3,Low
21700369,282,timeout,2,PT02M19.00S,02:19,Q2 02:19,55,58,1610612754.0,,PACERS Timeout: Regular (Full 3 Short 0),2pt made,substitution,3,Low
21700369,283,substitution,2,PT02M19.00S,02:19,Q2 02:19,55,58,1610612754.0,Bogdanovic,SUB out: B. Bogdanovic,timeout,substitution,3,Low
21700369,284,substitution,2,PT02M19.00S,02:19,Q2 02:19,55,58,1610612754.0,Stephenson,SUB in: L. Stephenson,substitution,2pt missed,3,Low
21700369,285,2pt,2,PT02M04.00S,02:04,Q2 02:04,55,58,1610612754.0,Oladipo,MISS Oladipo 18' Jump Shot,substitution,rebound,3,Low
21700369,286,rebound,2,PT02M00.00S,02:00,Q2 02:00,55,58,1610612754.0,Young,T. Young REBOUND (Off:1 Def:2),2pt missed,2pt missed,3,Low
21700369,287,2pt,2,PT01M46.00S,01:46,Q2 01:46,55,58,1610612754.0,Turner,MISS Turner 8' Hook Shot,rebound,rebound,3,Low
21700369,288,rebound,2,PT01M43.00S,01:43,Q2 01:43,55,58,1610612754.0,Oladipo,Oladipo REBOUND (Off:1 Def:3),2pt missed,turnover,3,Low
21700369,290,turnover,2,PT01M42.00S,01:42,Q2 01:42,55,58,1610612754.0,Young,T. Young Offensive Goaltending Turnover (P2.T7),rebound,3pt made,3,Low
21700369,291,3pt,2,PT01M22.00S,01:22,Q2 01:22,55,61,1610612739.0,Calderon,Calderon 27' 3PT Jump Shot (5 PTS) (James 4 AST),turnover,2pt made,6,Low
21700369,293,2pt,2,PT01M05.00S,01:05,Q2 01:05,57,61,1610612754.0,Turner,Turner 20' Jump Shot (12 PTS) (Collison 1 AST),3pt made,foul,4,Low
21700369,295,foul,2,PT00M50.30S,00:50,Q2 00:50,57,61,1610612754.0,Collison,Collison P.FOUL (P2.T2) (S.Foster),2pt made,3pt missed,4,Low
21700369,297,3pt,2,PT00M43.50S,00:43,Q2 00:43,57,61,1610612739.0,Crowder,MISS Crowder 3PT Jump Shot,foul,rebound,4,Low
21700369,298,rebound,2,PT00M40.90S,00:40,Q2 00:40,57,61,1610612754.0,Stephenson,Stephenson REBOUND (Off:0 Def:2),3pt missed,2pt missed,4,Low
21700369,299,2pt,2,PT00M31.90S,00:31,Q2 00:31,57,61,1610612754.0,Collison,MISS Collison 8' Jump Shot,rebound,rebound,4,Low
21700369,300,rebound,2,PT00M29.10S,00:29,Q2 00:29,57,61,1610612739.0,Crowder,Crowder REBOUND (Off:2 Def:2),2pt missed,foul,4,Low
21700369,301,foul,2,PT00M25.10S,00:25,Q2 00:25,57,61,1610612754.0,Stephenson,Stephenson S.FOUL (P1.PN) (S.Twardoski),rebound,freethrow,4,Low
21700369,303,freethrow,2,PT00M25.10S,00:25,Q2 00:25,57,62,1610612739.0,James,James Free Throw 1 of 2 (17 PTS),foul,freethrow,5,Low
21700369,310,freethrow,2,PT00M25.10S,00:25,Q2 00:25,57,63,1610612739.0,James,James Free Throw 2 of 2 (18 PTS),freethrow,substitution,6,Low
21700369,304,substitution,2,PT00M25.10S,00:25,Q2 00:25,57,62,1610612754.0,Stephenson,SUB out: L. Stephenson,freethrow,substitution,5,Low
21700369,305,substitution,2,PT00M25.10S,00:25,Q2 00:25,57,62,1610612739.0,Love,SUB out: K. Love,substitution,substitution,5,Low
21700369,306,substitution,2,PT00M25.10S,00:25,Q2 00:25,57,62,1610612739.0,Calderon,SUB out: J. Calderon,substitution,substitution,5,Low
21700369,307,substitution,2,PT00M25.10S,00:25,Q2 00:25,57,62,1610612754.0,Bogdanovic,SUB in: B. Bogdanovic,substitution,substitution,5,Low
21700369,308,substitution,2,PT00M25.10S,00:25,Q2 00:25,57,62,1610612739.0,Osman,SUB in: C. Osman,substitution,substitution,5,Low
21700369,309,substitution,2,PT00M25.10S,00:25,Q2 00:25,57,62,1610612739.0,Green,SUB in: J. Green,substitution,2pt missed,5,Low
21700369,311,2pt,2,PT00M04.50S,00:04,Q2 00:04,57,63,1610612754.0,Oladipo,MISS Oladipo 1' Driving Layup,substitution,block,6,Low
21700369,311,block,2,PT00M04.50S,00:04,Q2 00:04,57,63,1610612739.0,James,James BLOCK (1 BLK),2pt missed,rebound,6,Low
21700369,313,rebound,2,PT00M04.00S,00:04,Q2 00:04,57,63,1610612754.0,Turner,Turner REBOUND (Off:1 Def:1),block,2pt missed,6,Low
21700369,318,2pt,2,PT00M03.10S,00:03,Q2 00:03,57,63,1610612754.0,Turner,MISS Turner 1' Putback Layup,rebound,block,6,Low
21700369,318,block,2,PT00M03.10S,00:03,Q2 00:03,57,63,1610612739.0,Crowder,Crowder BLOCK (1 BLK),2pt missed,rebound,6,Low
21700369,320,rebound,2,PT00M01.80S,00:01,Q2 00:01,57,63,1610612754.0,Oladipo,Oladipo REBOUND (Off:2 Def:3),block,turnover,6,Low
21700369,314,turnover,2,PT00M01.10S,00:01,Q2 00:01,57,63,0.0,,PACERS Turnover: Shot Clock (T#8),rebound,3pt missed,6,Low
21700369,315,3pt,2,PT00M00.00S,00:00,Q2 00:00,57,63,1610612739.0,Green,MISS Green 61' 3PT Jump Shot,turnover,rebound,6,Low
21700369,316,rebound,2,PT00M00.00S,00:00,Q2 00:00,57,63,1610612739.0,,TEAM offensive REBOUND,3pt missed,period,6,Low
21700369,317,period,2,PT00M00.00S,00:00,Q2 00:00,57,63,1610612754.0,,End of 2nd Period (8:06 PM EST),rebound,period,6,Low
21700369,325,period,3,PT12M00.00S,12:00,Q3 12:00,57,63,1610612754.0,,Start of 3rd Period (8:21 PM EST),period,substitution,6,Low
21700369,326,turnover,3,PT11M46.00S,11:46,Q3 11:46,57,63,1610612739.0,James,James Out of Bounds Lost Ball Turnover (P3.T8),substitution,foul,6,Low
21700369,327,foul,3,PT11M39.00S,11:39,Q3 11:39,57,63,1610612739.0,James,James P.FOUL (P1.T1) (L.Wood),turnover,2pt missed,6,Low
21700369,329,2pt,3,PT11M25.00S,11:25,Q3 11:25,57,63,1610612754.0,Collison,MISS Collison 18' Step Back Jump Shot,foul,rebound,6,Low
21700369,330,rebound,3,PT11M22.00S,11:22,Q3 11:22,57,63,1610612739.0,Calderon,Calderon REBOUND (Off:0 Def:3),2pt missed,turnover,6,Low
21700369,331,turnover,3,PT11M12.00S,11:12,Q3 11:12,57,63,1610612739.0,Smith,Smith Bad Pass Turnover (P1.T9),rebound,steal,6,Low
21700369,331,steal,3,PT11M12.00S,11:12,Q3 11:12,57,63,1610612754.0,Young,T. Young STEAL (4 STL),turnover,turnover,6,Low
21700369,333,turnover,3,PT11M07.00S,11:07,Q3 11:07,57,63,1610612754.0,Oladipo,Oladipo Lost Ball Turnover (P3.T9),steal,steal,6,Low
21700369,333,steal,3,PT11M07.00S,11:07,Q3 11:07,57,63,1610612739.0,James,James STEAL (1 STL),turnover,3pt missed,6,Low
21700369,335,3pt,3,PT10M59.00S,10:59,Q3 10:59,57,63,1610612739.0,Crowder,MISS Crowder 28' 3PT Jump Shot,steal,rebound,6,Low
21700369,336,rebound,3,PT10M55.00S,10:55,Q3 10:55,57,63,1610612754.0,Turner,Turner REBOUND (Off:1 Def:2),3pt missed,3pt made,6,Low
21700369,337,3pt,3,PT10M43.00S,10:43,Q3 10:43,60,63,1610612754.0,Oladipo,Oladipo 27' 3PT Jump Shot (11 PTS) (Collison 2 AST),rebound,3pt missed,3,Low
21700369,339,3pt,3,PT10M23.00S,10:23,Q3 10:23,60,63,1610612739.0,James,MISS James 25' 3PT Jump Shot,3pt made,rebound,3,Low
21700369,340,rebound,3,PT10M21.00S,10:21,Q3 10:21,60,63,1610612754.0,Turner,Turner REBOUND (Off:1 Def:3),3pt missed,3pt missed,3,Low
21700369,341,3pt,3,PT10M09.00S,10:09,Q3 10:09,60,63,1610612754.0,Young,MISS T. Young 3PT Jump Shot,rebound,rebound,3,Low
21700369,342,rebound,3,PT10M07.00S,10:07,Q3 10:07,60,63,1610612739.0,Smith,Smith REBOUND (Off:1 Def:3),3pt missed,2pt missed,3,Low
21700369,343,2pt,3,PT09M54.00S,09:54,Q3 09:54,60,63,1610612739.0,Love,MISS Love 17' Jump Shot,rebound,rebound,3,Low
21700369,344,rebound,3,PT09M51.00S,09:51,Q3 09:51,60,63,1610612754.0,Collison,Collison REBOUND (Off:0 Def:4),2pt missed,2pt missed,3,Low
21700369,345,2pt,3,PT09M47.00S,09:47,Q3 09:47,60,63,1610612754.0,Oladipo,MISS Oladipo 1' Driving Layup,rebound,rebound,3,Low
21700369,346,rebound,3,PT09M44.00S,09:44,Q3 09:44,60,63,1610612754.0,Collison,Collison REBOUND (Off:1 Def:4),2pt missed,3pt made,3,Low
21700369,347,3pt,3,PT09M43.00S,09:43,Q3 09:43,63,63,1610612754.0,Bogdanovic,Bogdanovic 28' 3PT Jump Shot (5 PTS) (Collison 3 AST),rebound,timeout,0,Low
21700369,349,timeout,3,PT09M41.00S,09:41,Q3 09:41,63,63,1610612739.0,,Cavaliers Timeout: Regular (Reg.3 Short 0),3pt made,2pt made,0,Low
21700369,350,2pt,3,PT09M26.00S,09:26,Q3 09:26,63,65,1610612739.0,Calderon,Calderon 19' Jump Shot (7 PTS) (Crowder 2 AST),timeout,2pt made,2,Low
21700369,352,2pt,3,PT09M08.00S,09:08,Q3 09:08,65,65,1610612754.0,Oladipo,Oladipo 21' Pullup Jump Shot (13 PTS) (T. Young 2 AST),2pt made,2pt made,0,Low
21700369,354,2pt,3,PT08M44.00S,08:44,Q3 08:44,65,67,1610612739.0,Love,Love 1' Reverse Layup (12 PTS),2pt made,foul,2,Low
21700369,355,foul,3,PT08M44.00S,08:44,Q3 08:44,65,67,1610612754.0,Bogdanovic,Bogdanovic S.FOUL (P3.T1) (L.Wood),2pt made,freethrow,2,Low
21700369,357,freethrow,3,PT08M44.00S,08:44,Q3 08:44,65,68,1610612739.0,Love,Love Free Throw 1 of 1 (13 PTS),foul,2pt made,3,Low
21700369,358,2pt,3,PT08M31.00S,08:31,Q3 08:31,67,68,1610612754.0,Young,T. Young 1' Layup (9 PTS) (Turner 2 AST),freethrow,3pt missed,1,Low
21700369,360,3pt,3,PT08M21.00S,08:21,Q3 08:21,67,68,1610612739.0,Love,MISS Love 25' 3PT Jump Shot,2pt made,rebound,1,Low
21700369,361,rebound,3,PT08M18.00S,08:18,Q3 08:18,67,68,1610612754.0,Oladipo,Oladipo REBOUND (Off:2 Def:4),3pt missed,3pt missed,1,Low
21700369,362,3pt,3,PT08M02.00S,08:02,Q3 08:02,67,68,1610612754.0,Turner,MISS Turner 3PT Jump Shot,rebound,rebound,1,Low
21700369,363,rebound,3,PT08M01.00S,08:01,Q3 08:01,67,68,1610612754.0,Young,T. Young REBOUND (Off:2 Def:2),3pt missed,foul,1,Low
21700369,364,foul,3,PT07M51.00S,07:51,Q3 07:51,67,68,1610612739.0,Crowder,Crowder P.FOUL (P2.T2) (L.Wood),rebound,3pt missed,1,Low
21700369,366,3pt,3,PT07M44.00S,07:44,Q3 07:44,67,68,1610612754.0,Bogdanovic,MISS Bogdanovic 27' 3PT Jump Shot,foul,rebound,1,Low
21700369,367,rebound,3,PT07M39.00S,07:39,Q3 07:39,67,68,1610612739.0,Crowder,Crowder REBOUND (Off:2 Def:3),3pt missed,2pt made,1,Low
21700369,368,2pt,3,PT07M29.00S,07:29,Q3 07:29,67,70,1610612739.0,James,James 15' Step Back Jump Shot (20 PTS),rebound,2pt made,3,Low
21700369,370,2pt,3,PT07M13.00S,07:13,Q3 07:13,69,70,1610612754.0,Oladipo,Oladipo 13' Turnaround Fadeaway (15 PTS),2pt made,3pt made,1,Low
21700369,371,3pt,3,PT07M02.00S,07:02,Q3 07:02,69,73,1610612739.0,Love,Love 28' 3PT Jump Shot (16 PTS) (James 5 AST),2pt made,foul,4,Low
21700369,373,foul,3,PT06M51.00S,06:51,Q3 06:51,69,73,1610612739.0,Crowder,Crowder S.FOUL (P3.T3) (S.Twardoski),3pt made,freethrow,4,Low
21700369,375,freethrow,3,PT06M51.00S,06:51,Q3 06:51,70,73,1610612754.0,Turner,Turner Free Throw 1 of 2 (13 PTS),foul,freethrow,3,Low
21700369,376,freethrow,3,PT06M51.00S,06:51,Q3 06:51,71,73,1610612754.0,Turner,Turner Free Throw 2 of 2 (14 PTS),freethrow,foul,2,Low
21700369,377,foul,3,PT06M43.00S,06:43,Q3 06:43,71,73,1610612754.0,Oladipo,Oladipo P.FOUL (P2.T2) (S.Foster),freethrow,foul,2,Low
21700369,379,foul,3,PT06M33.00S,06:33,Q3 06:33,71,73,1610612754.0,Turner,Turner S.FOUL (P1.T3) (S.Twardoski),foul,instant replay,2,Low
21700369,382,freethrow,3,PT06M33.00S,06:33,Q3 06:33,71,73,1610612739.0,Love,MISS Love Free Throw 1 of 3,instant replay,rebound,2,Low
21700369,383,rebound,3,PT06M33.00S,06:33,Q3 06:33,71,73,1610612739.0,,TEAM offensive REBOUND,freethrow,freethrow,2,Low
21700369,384,freethrow,3,PT06M33.00S,06:33,Q3 06:33,71,74,1610612739.0,Love,Love Free Throw 2 of 3 (17 PTS),rebound,freethrow,3,Low
21700369,386,freethrow,3,PT06M33.00S,06:33,Q3 06:33,71,75,1610612739.0,Love,Love Free Throw 3 of 3 (18 PTS),freethrow,2pt made,4,Low
21700369,387,2pt,3,PT06M22.00S,06:22,Q3 06:22,73,75,1610612754.0,Oladipo,Oladipo 4' Driving Floating Jump Shot (17 PTS),freethrow,foul,2,Low
21700369,388,foul,3,PT06M08.00S,06:08,Q3 06:08,73,75,1610612754.0,Oladipo,Oladipo P.FOUL (P3.T4) (S.Foster),2pt made,foul,2,Low
21700369,390,foul,3,PT05M53.00S,05:53,Q3 05:53,73,75,1610612754.0,Collison,Collison S.FOUL (P3.PN) (S.Twardoski),foul,instant replay,2,Low
21700369,393,freethrow,3,PT05M53.00S,05:53,Q3 05:53,73,76,1610612739.0,Calderon,Calderon Free Throw 1 of 2 (8 PTS),instant replay,freethrow,3,Low
21700369,394,freethrow,3,PT05M53.00S,05:53,Q3 05:53,73,77,1610612739.0,Calderon,Calderon Free Throw 2 of 2 (9 PTS),freethrow,timeout,4,Low
21700369,395,timeout,3,PT05M53.00S,05:53,Q3 05:53,73,77,1610612754.0,,PACERS Timeout: Regular (Full 4 Short 0),freethrow,3pt missed,4,Low
21700369,396,3pt,3,PT05M29.00S,05:29,Q3 05:29,73,77,1610612754.0,Young,MISS T. Young 28' 3PT Step Back Jump Shot,timeout,rebound,4,Low
21700369,397,rebound,3,PT05M28.00S,05:28,Q3 05:28,73,77,1610612739.0,James,James REBOUND (Off:1 Def:2),3pt missed,2pt made,4,Low
21700369,398,2pt,3,PT05M18.00S,05:18,Q3 05:18,73,79,1610612739.0,James,James 14' Turnaround Fadeaway (22 PTS),rebound,3pt made,6,Low
21700369,399,3pt,3,PT05M05.00S,05:05,Q3 05:05,76,79,1610612754.0,Oladipo,Oladipo 29' 3PT Pullup Jump Shot (20 PTS),2pt made,2pt missed,3,Low
21700369,400,2pt,3,PT04M38.00S,04:38,Q3 04:38,76,79,1610612739.0,Love,MISS Love 17' Step Back Jump Shot,3pt made,block,3,Low
21700369,400,block,3,PT04M38.00S,04:38,Q3 04:38,76,79,1610612754.0,Turner,Turner BLOCK (2 BLK),2pt missed,rebound,3,Low
21700369,402,rebound,3,PT04M38.00S,04:38,Q3 04:38,76,79,1610612754.0,Oladipo,Oladipo REBOUND (Off:2 Def:5),block,3pt missed,3,Low
21700369,403,3pt,3,PT04M32.00S,04:32,Q3 04:32,76,79,1610612754.0,Bogdanovic,MISS Bogdanovic 25' 3PT Jump Shot,rebound,rebound,3,Low
21700369,404,rebound,3,PT04M29.00S,04:29,Q3 04:29,76,79,1610612739.0,Crowder,Crowder REBOUND (Off:2 Def:4),3pt missed,foul,3,Low
21700369,405,foul,3,PT04M14.00S,04:14,Q3 04:14,76,79,1610612754.0,Collison,Collison P.FOUL (P4.PN) (L.Wood),rebound,freethrow,3,Low
21700369,407,freethrow,3,PT04M14.00S,04:14,Q3 04:14,76,80,1610612739.0,Love,Love Free Throw 1 of 2 (19 PTS),foul,freethrow,4,Low
21700369,410,freethrow,3,PT04M14.00S,04:14,Q3 04:14,76,81,1610612739.0,Love,Love Free Throw 2 of 2 (20 PTS),freethrow,substitution,5,Low
21700369,408,substitution,3,PT04M14.00S,04:14,Q3 04:14,76,80,1610612754.0,Collison,SUB out: D. Collison,freethrow,substitution,4,Low
21700369,409,substitution,3,PT04M14.00S,04:14,Q3 04:14,76,80,1610612754.0,Joseph,SUB in: C. Joseph,substitution,2pt made,4,Low
21700369,411,2pt,3,PT04M02.00S,04:02,Q3 04:02,78,81,1610612754.0,Oladipo,Oladipo 23' Pullup Jump Shot (22 PTS),substitution,2pt missed,3,Low
21700369,412,2pt,3,PT03M45.00S,03:45,Q3 03:45,78,81,1610612739.0,Love,MISS Love Driving Finger Roll Layup,2pt made,rebound,3,Low
21700369,414,rebound,3,PT03M43.00S,03:43,Q3 03:43,78,81,1610612754.0,Joseph,Joseph REBOUND (Off:0 Def:2),2pt missed,3pt missed,3,Low
21700369,415,3pt,3,PT03M36.00S,03:36,Q3 03:36,78,81,1610612754.0,Bogdanovic,MISS Bogdanovic 24' 3PT Jump Shot,rebound,rebound,3,Low
21700369,416,rebound,3,PT03M34.00S,03:34,Q3 03:34,78,81,1610612739.0,James,James REBOUND (Off:1 Def:3),3pt missed,2pt missed,3,Low
21700369,417,2pt,3,PT03M21.00S,03:21,Q3 03:21,78,81,1610612739.0,James,MISS James 18' Turnaround Fadeaway Shot,rebound,rebound,3,Low
21700369,418,rebound,3,PT03M18.00S,03:18,Q3 03:18,78,81,1610612754.0,Joseph,Joseph REBOUND (Off:0 Def:3),2pt missed,foul,3,Low
21700369,419,foul,3,PT03M18.00S,03:18,Q3 03:18,78,81,1610612739.0,Calderon,Calderon P.FOUL (P2.T4) (S.Twardoski),rebound,substitution,3,Low
21700369,421,substitution,3,PT03M18.00S,03:18,Q3 03:18,78,81,1610612754.0,Young,SUB out: T. Young,foul,substitution,3,Low
21700369,422,substitution,3,PT03M18.00S,03:18,Q3 03:18,78,81,1610612739.0,Love,SUB out: K. Love,substitution,substitution,3,Low
21700369,423,substitution,3,PT03M18.00S,03:18,Q3 03:18,78,81,1610612739.0,Calderon,SUB out: J. Calderon,substitution,substitution,3,Low
21700369,424,substitution,3,PT03M18.00S,03:18,Q3 03:18,78,81,1610612754.0,Sabonis,SUB in: D. Sabonis,substitution,substitution,3,Low
21700369,425,substitution,3,PT03M18.00S,03:18,Q3 03:18,78,81,1610612739.0,Green,SUB in: J. Green,substitution,substitution,3,Low
21700369,426,substitution,3,PT03M18.00S,03:18,Q3 03:18,78,81,1610612739.0,Wade,SUB in: D. Wade,substitution,3pt made,3,Low
21700369,427,3pt,3,PT03M09.00S,03:09,Q3 03:09,81,81,1610612754.0,Oladipo,Oladipo 28' 3PT Pullup Jump Shot (25 PTS),substitution,foul,0,Low
21700369,428,foul,3,PT02M58.00S,02:58,Q3 02:58,81,81,1610612739.0,Green,Green OFF.Foul (P2) (S.Foster),3pt made,turnover,0,Low
21700369,430,turnover,3,PT02M58.00S,02:58,Q3 02:58,81,81,1610612739.0,Green,Green Offensive Foul Turnover (P2.T10),foul,foul,0,Low
21700369,431,foul,3,PT02M52.00S,02:52,Q3 02:52,81,81,1610612739.0,Smith,Smith S.FOUL (P1.PN) (L.Wood),turnover,freethrow,0,Low
21700369,433,freethrow,3,PT02M52.00S,02:52,Q3 02:52,81,81,1610612754.0,Oladipo,MISS Oladipo Free Throw 1 of 2,foul,rebound,0,Low
21700369,434,rebound,3,PT02M52.00S,02:52,Q3 02:52,81,81,1610612754.0,,TEAM offensive REBOUND,freethrow,freethrow,0,Low
21700369,435,freethrow,3,PT02M52.00S,02:52,Q3 02:52,82,81,1610612754.0,Oladipo,Oladipo Free Throw 2 of 2 (26 PTS),rebound,2pt made,1,Low
21700369,436,2pt,3,PT02M41.00S,02:41,Q3 02:41,82,83,1610612739.0,Wade,Wade 1' Cutting Dunk Shot (9 PTS) (James 6 AST),freethrow,foul,1,Low
21700369,438,foul,3,PT02M32.00S,02:32,Q3 02:32,82,83,1610612739.0,Smith,Smith S.FOUL (P2.PN) (S.Twardoski),2pt made,freethrow,1,Low
21700369,440,freethrow,3,PT02M32.00S,02:32,Q3 02:32,82,83,1610612754.0,Oladipo,MISS Oladipo Free Throw 1 of 2,foul,rebound,1,Low
21700369,441,rebound,3,PT02M32.00S,02:32,Q3 02:32,82,83,1610612754.0,,TEAM offensive REBOUND,freethrow,freethrow,1,Low
21700369,442,freethrow,3,PT02M32.00S,02:32,Q3 02:32,83,83,1610612754.0,Oladipo,Oladipo Free Throw 2 of 2 (27 PTS),rebound,2pt missed,0,Low
21700369,443,2pt,3,PT02M18.00S,02:18,Q3 02:18,83,83,1610612739.0,James,MISS James 1' Driving Layup,freethrow,block,0,Low
21700369,443,block,3,PT02M18.00S,02:18,Q3 02:18,83,83,1610612754.0,Turner,Turner BLOCK (3 BLK),2pt missed,rebound,0,Low
21700369,445,rebound,3,PT02M14.00S,02:14,Q3 02:14,83,83,1610612754.0,Joseph,Joseph REBOUND (Off:0 Def:4),block,2pt made,0,Low
21700369,446,2pt,3,PT02M11.00S,02:11,Q3 02:11,85,83,1610612754.0,Sabonis,Sabonis 4' Hook Shot (6 PTS) (Turner 3 AST),rebound,foul,2,Low
21700369,448,foul,3,PT02M11.00S,02:11,Q3 02:11,85,83,1610612739.0,Green,Green S.FOUL (P3.PN) (L.Wood),2pt made,freethrow,2,Low
21700369,452,freethrow,3,PT02M11.00S,02:11,Q3 02:11,86,83,1610612754.0,Sabonis,Sabonis Free Throw 1 of 1 (7 PTS),foul,substitution,3,Low
21700369,450,substitution,3,PT02M11.00S,02:11,Q3 02:11,85,83,1610612739.0,Crowder,SUB out: J. Crowder,freethrow,substitution,2,Low
21700369,451,substitution,3,PT02M11.00S,02:11,Q3 02:11,85,83,1610612739.0,Korver,SUB in: K. Korver,substitution,3pt missed,2,Low
21700369,453,3pt,3,PT01M57.00S,01:57,Q3 01:57,86,83,1610612739.0,Smith,MISS Smith 25' 3PT Jump Shot,substitution,rebound,3,Low
21700369,454,rebound,3,PT01M54.00S,01:54,Q3 01:54,86,83,1610612754.0,Turner,Turner REBOUND (Off:1 Def:4),3pt missed,foul,3,Low
21700369,455,foul,3,PT01M45.00S,01:45,Q3 01:45,86,83,1610612739.0,Smith,Smith P.FOUL (P3.PN) (S.Foster),rebound,freethrow,3,Low
21700369,457,freethrow,3,PT01M45.00S,01:45,Q3 01:45,86,83,1610612754.0,Oladipo,MISS Oladipo Free Throw 1 of 2,foul,rebound,3,Low
21700369,458,rebound,3,PT01M45.00S,01:45,Q3 01:45,86,83,1610612754.0,,TEAM offensive REBOUND,freethrow,freethrow,3,Low
21700369,463,freethrow,3,PT01M45.00S,01:45,Q3 01:45,87,83,1610612754.0,Oladipo,Oladipo Free Throw 2 of 2 (28 PTS),rebound,substitution,4,Low
21700369,459,substitution,3,PT01M45.00S,01:45,Q3 01:45,86,83,1610612754.0,Turner,SUB out: M. Turner,freethrow,substitution,3,Low
21700369,460,substitution,3,PT01M45.00S,01:45,Q3 01:45,86,83,1610612739.0,Smith,SUB out: J. Smith,substitution,substitution,3,Low
21700369,461,substitution,3,PT01M45.00S,01:45,Q3 01:45,86,83,1610612754.0,Stephenson,SUB in: L. Stephenson,substitution,substitution,3,Low
21700369,462,substitution,3,PT01M45.00S,01:45,Q3 01:45,86,83,1610612739.0,Osman,SUB in: C. Osman,substitution,2pt made,3,Low
21700369,464,2pt,3,PT01M34.00S,01:34,Q3 01:34,87,85,1610612739.0,Green,Green 2' Cutting Layup Shot (7 PTS) (James 7 AST),substitution,2pt made,2,Low
21700369,466,2pt,3,PT01M17.00S,01:17,Q3 01:17,89,85,1610612754.0,Bogdanovic,Bogdanovic 8' Driving Floating Bank Jump Shot (7 PTS) (Oladipo 5 AST),2pt made,foul,4,Low
21700369,468,foul,3,PT00M57.40S,00:57,Q3 00:57,89,85,1610612754.0,Bogdanovic,PACERS T.Foul (Def. 3 Sec Bogdanovic ) (L.Wood),2pt made,freethrow,4,Low
21700369,469,freethrow,3,PT00M57.40S,00:57,Q3 00:57,89,86,1610612739.0,Korver,Korver Free Throw Technical (3 PTS),foul,2pt missed,3,Low
21700369,470,2pt,3,PT00M43.90S,00:43,Q3 00:43,89,86,1610612739.0,James,MISS James 7' Driving Floating Bank Jump Shot,freethrow,rebound,3,Low
21700369,471,rebound,3,PT00M41.10S,00:41,Q3 00:41,89,86,1610612754.0,Stephenson,Stephenson REBOUND (Off:0 Def:3),2pt missed,turnover,3,Low
21700369,472,turnover,3,PT00M18.50S,00:18,Q3 00:18,89,86,0.0,,PACERS Turnover: Shot Clock (T#10),rebound,3pt missed,3,Low
21700369,473,3pt,3,PT00M02.50S,00:02,Q3 00:02,89,86,1610612739.0,James,MISS James 28' 3PT Step Back Jump Shot,turnover,rebound,3,Low
21700369,474,rebound,3,PT00M02.50S,00:02,Q3 00:02,89,86,1610612754.0,Sabonis,Sabonis REBOUND (Off:0 Def:4),3pt missed,period,3,Low
21700369,475,period,3,PT00M00.00S,00:00,Q3 00:00,89,86,1610612754.0,,End of 3rd Period (8:50 PM EST),rebound,period,3,Medium
21700369,482,period,4,PT12M00.00S,12:00,Q4 12:00,89,86,1610612754.0,,Start of 4th Period (8:53 PM EST),period,substitution,3,Medium
21700369,483,2pt,4,PT11M49.00S,11:49,Q4 11:49,89,86,1610612754.0,Stephenson,MISS Stephenson 19' Pullup Jump Shot,substitution,rebound,3,Medium
21700369,484,rebound,4,PT11M42.00S,11:42,Q4 11:42,89,86,1610612739.0,Green,Green REBOUND (Off:1 Def:2),2pt missed,2pt missed,3,Medium
21700369,485,2pt,4,PT11M34.00S,11:34,Q4 11:34,89,86,1610612739.0,Wade,MISS Wade 14' Pullup Jump Shot,rebound,rebound,3,Medium
21700369,486,rebound,4,PT11M30.00S,11:30,Q4 11:30,89,86,1610612754.0,Sabonis,Sabonis REBOUND (Off:0 Def:5),2pt missed,3pt missed,3,Medium
21700369,487,3pt,4,PT11M23.00S,11:23,Q4 11:23,89,86,1610612754.0,Young,MISS T. Young 24' 3PT Jump Shot,rebound,rebound,3,Medium
21700369,488,rebound,4,PT11M20.00S,11:20,Q4 11:20,89,86,1610612739.0,Osman,Osman REBOUND (Off:0 Def:5),3pt missed,3pt missed,3,Medium
21700369,489,3pt,4,PT11M05.00S,11:05,Q4 11:05,89,86,1610612739.0,Korver,MISS Korver 27' 3PT Jump Shot,rebound,rebound,3,Medium
21700369,490,rebound,4,PT11M02.00S,11:02,Q4 11:02,89,86,1610612754.0,Sabonis,Sabonis REBOUND (Off:0 Def:6),3pt missed,2pt missed,3,Medium
21700369,491,2pt,4,PT10M52.00S,10:52,Q4 10:52,89,86,1610612754.0,Wilkins,MISS Wilkins 2' Driving Finger Roll Layup,rebound,rebound,3,Medium
21700369,492,rebound,4,PT10M49.00S,10:49,Q4 10:49,89,86,1610612754.0,Sabonis,Sabonis REBOUND (Off:1 Def:6),2pt missed,2pt made,3,Medium
21700369,493,2pt,4,PT10M49.00S,10:49,Q4 10:49,91,86,1610612754.0,Sabonis,Sabonis 1' Tip Layup Shot (9 PTS),rebound,turnover,5,Medium
21700369,494,turnover,4,PT10M19.00S,10:19,Q4 10:19,91,86,0.0,,Cavaliers Turnover: Shot Clock (T#11),2pt made,3pt missed,5,Medium
21700369,495,3pt,4,PT10M03.00S,10:03,Q4 10:03,91,86,1610612754.0,Joseph,MISS Joseph 27' 3PT Jump Shot,turnover,rebound,5,Medium
21700369,496,rebound,4,PT10M02.00S,10:02,Q4 10:02,91,86,1610612739.0,,TEAM defensive REBOUND,3pt missed,3pt missed,5,Medium
21700369,497,3pt,4,PT09M50.00S,09:50,Q4 09:50,91,86,1610612739.0,Frye,MISS Frye 27' 3PT Jump Shot,rebound,rebound,5,Medium
21700369,498,rebound,4,PT09M46.00S,09:46,Q4 09:46,91,86,1610612754.0,Stephenson,Stephenson REBOUND (Off:0 Def:4),3pt missed,2pt made,5,Medium
21700369,499,2pt,4,PT09M43.00S,09:43,Q4 09:43,93,86,1610612754.0,Young,T. Young 1' Running Finger Roll Layup (11 PTS) (Stephenson 4 AST),rebound,turnover,7,Medium
21700369,501,turnover,4,PT09M17.00S,09:17,Q4 09:17,93,86,0.0,,Cavaliers Turnover: Shot Clock (T#12),2pt made,3pt missed,7,Medium
21700369,502,3pt,4,PT09M01.00S,09:01,Q4 09:01,93,86,1610612754.0,Joseph,MISS Joseph 26' 3PT Jump Shot,turnover,rebound,7,Medium
21700369,503,rebound,4,PT08M57.00S,08:57,Q4 08:57,93,86,1610612754.0,Young,T. Young REBOUND (Off:3 Def:2),3pt missed,foul,7,Medium
21700369,504,foul,4,PT08M49.00S,08:49,Q4 08:49,93,86,1610612739.0,Green,Green Shooting Block Foul (P4.T1) (S.Foster),rebound,freethrow,7,Medium
21700369,506,freethrow,4,PT08M49.00S,08:49,Q4 08:49,93,86,1610612754.0,Sabonis,MISS Sabonis Free Throw 1 of 2,foul,rebound,7,Medium
21700369,507,rebound,4,PT08M49.00S,08:49,Q4 08:49,93,86,1610612754.0,,TEAM offensive REBOUND,freethrow,freethrow,7,Medium
21700369,512,freethrow,4,PT08M49.00S,08:49,Q4 08:49,93,86,1610612754.0,Sabonis,MISS Sabonis Free Throw 2 of 2,rebound,substitution,7,Medium
21700369,508,substitution,4,PT08M49.00S,08:49,Q4 08:49,93,86,1610612754.0,Wilkins,SUB out: D. Wilkins,freethrow,substitution,7,Medium
21700369,509,substitution,4,PT08M49.00S,08:49,Q4 08:49,93,86,1610612739.0,Frye,SUB out: C. Frye,substitution,substitution,7,Medium
21700369,510,substitution,4,PT08M49.00S,08:49,Q4 08:49,93,86,1610612754.0,Bogdanovic,SUB in: B. Bogdanovic,substitution,substitution,7,Medium
21700369,511,substitution,4,PT08M49.00S,08:49,Q4 08:49,93,86,1610612739.0,James,SUB in: L. James,substitution,rebound,7,Medium
21700369,513,rebound,4,PT08M46.00S,08:46,Q4 08:46,93,86,1610612739.0,James,James REBOUND (Off:1 Def:4),substitution,turnover,7,Medium
21700369,514,turnover,4,PT08M44.00S,08:44,Q4 08:44,93,86,1610612739.0,Osman,Osman Traveling Turnover (P2.T13),rebound,2pt missed,7,Medium
21700369,515,2pt,4,PT08M30.00S,08:30,Q4 08:30,93,86,1610612754.0,Joseph,MISS Joseph 11' Turnaround Jump Shot,turnover,rebound,7,Medium
21700369,516,rebound,4,PT08M26.00S,08:26,Q4 08:26,93,86,1610612754.0,Sabonis,Sabonis REBOUND (Off:2 Def:6),2pt missed,2pt missed,7,Medium
21700369,517,2pt,4,PT08M24.00S,08:24,Q4 08:24,93,86,1610612754.0,Sabonis,MISS Sabonis 2' Jump Shot,rebound,block,7,Medium
21700369,517,block,4,PT08M24.00S,08:24,Q4 08:24,93,86,1610612739.0,James,James BLOCK (2 BLK),2pt missed,rebound,7,Medium
21700369,519,rebound,4,PT08M22.00S,08:22,Q4 08:22,93,86,1610612739.0,James,James REBOUND (Off:1 Def:5),block,foul,7,Medium
21700369,520,foul,4,PT08M22.00S,08:22,Q4 08:22,93,86,1610612754.0,Stephenson,Stephenson Personal Take Foul (P2.T1) (L.Wood),rebound,foul,7,Medium
21700369,522,foul,4,PT08M07.00S,08:07,Q4 08:07,93,86,1610612754.0,Young,T. Young S.FOUL (P2.T2) (S.Twardoski),foul,freethrow,7,Medium
21700369,524,freethrow,4,PT08M07.00S,08:07,Q4 08:07,93,87,1610612739.0,James,James Free Throw 1 of 2 (23 PTS),foul,freethrow,6,Medium
21700369,525,freethrow,4,PT08M07.00S,08:07,Q4 08:07,93,87,1610612739.0,James,MISS James Free Throw 2 of 2,freethrow,rebound,6,Medium
21700369,526,rebound,4,PT08M05.00S,08:05,Q4 08:05,93,87,1610612754.0,Sabonis,Sabonis REBOUND (Off:2 Def:7),freethrow,2pt missed,6,Medium
21700369,527,2pt,4,PT07M47.00S,07:47,Q4 07:47,93,87,1610612754.0,Young,MISS T. Young 4' Turnaround Jump Shot,rebound,rebound,6,Medium
21700369,528,rebound,4,PT07M44.00S,07:44,Q4 07:44,93,87,1610612739.0,James,James REBOUND (Off:1 Def:6),2pt missed,3pt missed,6,Medium
21700369,529,3pt,4,PT07M26.00S,07:26,Q4 07:26,93,87,1610612739.0,James,MISS James 30' 3PT Step Back Jump Shot,rebound,rebound,6,Medium
21700369,530,rebound,4,PT07M22.00S,07:22,Q4 07:22,93,87,1610612754.0,Stephenson,Stephenson REBOUND (Off:0 Def:5),3pt missed,2pt missed,6,Medium
21700369,531,2pt,4,PT07M10.00S,07:10,Q4 07:10,93,87,1610612754.0,Bogdanovic,MISS Bogdanovic 19' Pullup Jump Shot,rebound,rebound,6,Medium
21700369,532,rebound,4,PT07M09.00S,07:09,Q4 07:09,93,87,1610612754.0,,TEAM offensive REBOUND,2pt missed,foul,6,Medium
21700369,533,foul,4,PT07M09.00S,07:09,Q4 07:09,93,87,1610612739.0,Osman,Osman L.B.FOUL (P2.T2) (L.Wood),rebound,substitution,6,Medium
21700369,535,substitution,4,PT07M09.00S,07:09,Q4 07:09,93,87,1610612754.0,Joseph,SUB out: C. Joseph,foul,substitution,6,Medium
21700369,536,substitution,4,PT07M09.00S,07:09,Q4 07:09,93,87,1610612739.0,Osman,SUB out: C. Osman,substitution,substitution,6,Medium
21700369,537,substitution,4,PT07M09.00S,07:09,Q4 07:09,93,87,1610612754.0,Oladipo,SUB in: V. Oladipo,substitution,substitution,6,Medium
21700369,538,substitution,4,PT07M09.00S,07:09,Q4 07:09,93,87,1610612739.0,Smith,SUB in: J. Smith,substitution,timeout,6,Medium
21700369,540,timeout,4,PT06M56.00S,06:56,Q4 06:56,93,87,1610612754.0,,PACERS Timeout: Regular (Full 5 Short 0),substitution,3pt missed,6,High
21700369,543,3pt,4,PT06M46.00S,06:46,Q4 06:46,93,87,1610612754.0,Oladipo,MISS Oladipo 32' 3PT Jump Shot,timeout,rebound,6,High
21700369,544,rebound,4,PT06M42.00S,06:42,Q4 06:42,93,87,1610612739.0,Green,Green REBOUND (Off:1 Def:3),3pt missed,foul,6,High
21700369,545,foul,4,PT06M35.00S,06:35,Q4 06:35,93,87,1610612754.0,Oladipo,Oladipo P.FOUL (P4.T3) (L.Wood),rebound,2pt missed,6,High
21700369,547,2pt,4,PT06M29.00S,06:29,Q4 06:29,93,87,1610612739.0,Korver,MISS Korver 23' Jump Shot,foul,rebound,6,High
21700369,548,rebound,4,PT06M26.00S,06:26,Q4 06:26,93,87,1610612754.0,Stephenson,Stephenson REBOUND (Off:0 Def:6),2pt missed,3pt missed,6,High
21700369,549,3pt,4,PT06M17.00S,06:17,Q4 06:17,93,87,1610612754.0,Oladipo,MISS Oladipo 28' 3PT Pullup Jump Shot,rebound,rebound,6,High
21700369,550,rebound,4,PT06M12.00S,06:12,Q4 06:12,93,87,1610612739.0,Korver,Korver REBOUND (Off:0 Def:3),3pt missed,3pt made,6,High
21700369,551,3pt,4,PT06M06.00S,06:06,Q4 06:06,93,90,1610612739.0,Smith,Smith 24' 3PT Jump Shot (9 PTS) (Green 1 AST),rebound,2pt missed,3,High
21700369,553,2pt,4,PT05M44.00S,05:44,Q4 05:44,93,90,1610612754.0,Sabonis,MISS Sabonis 20' Jump Shot,3pt made,rebound,3,High
21700369,554,rebound,4,PT05M41.00S,05:41,Q4 05:41,93,90,1610612754.0,Young,T. Young REBOUND (Off:4 Def:2),2pt missed,2pt made,3,High
21700369,555,2pt,4,PT05M41.00S,05:41,Q4 05:41,95,90,1610612754.0,Young,T. Young 2' Putback Layup (13 PTS),rebound,2pt made,5,High
21700369,556,2pt,4,PT05M15.00S,05:15,Q4 05:15,95,92,1610612739.0,James,James 1' Driving Finger Roll Layup (25 PTS),2pt made,2pt missed,3,High
21700369,557,2pt,4,PT04M57.00S,04:57,Q4 04:57,95,92,1610612754.0,Young,MISS T. Young 4' Layup,2pt made,rebound,3,High
21700369,558,rebound,4,PT04M53.00S,04:53,Q4 04:53,95,92,1610612754.0,Young,T. Young REBOUND (Off:5 Def:2),2pt missed,2pt missed,3,High
21700369,559,2pt,4,PT04M38.00S,04:38,Q4 04:38,95,92,1610612754.0,Oladipo,MISS Oladipo 1' Driving Layup,rebound,rebound,3,High
21700369,560,rebound,4,PT04M38.00S,04:38,Q4 04:38,95,92,1610612739.0,,TEAM defensive REBOUND,2pt missed,foul,3,High
21700369,561,foul,4,PT04M38.00S,04:38,Q4 04:38,95,92,1610612754.0,Sabonis,Sabonis L.B.FOUL (P2.T4) (S.Twardoski),rebound,substitution,3,High
21700369,563,substitution,4,PT04M38.00S,04:38,Q4 04:38,95,92,1610612754.0,Sabonis,SUB out: D. Sabonis,foul,substitution,3,High
21700369,564,substitution,4,PT04M38.00S,04:38,Q4 04:38,95,92,1610612754.0,Turner,SUB in: M. Turner,substitution,3pt missed,3,High
21700369,565,3pt,4,PT04M25.00S,04:25,Q4 04:25,95,92,1610612739.0,Korver,MISS Korver 24' 3PT Jump Shot,substitution,rebound,3,High
21700369,566,rebound,4,PT04M22.00S,04:22,Q4 04:22,95,92,1610612754.0,Bogdanovic,Bogdanovic REBOUND (Off:0 Def:1),3pt missed,3pt missed,3,High
21700369,567,3pt,4,PT04M12.00S,04:12,Q4 04:12,95,92,1610612754.0,Oladipo,MISS Oladipo 28' 3PT Step Back Jump Shot,rebound,rebound,3,High
21700369,568,rebound,4,PT04M08.00S,04:08,Q4 04:08,95,92,1610612739.0,James,James REBOUND (Off:1 Def:7),3pt missed,2pt missed,3,High
21700369,569,2pt,4,PT04M01.00S,04:01,Q4 04:01,95,92,1610612739.0,Green,MISS Green 8' Running Jump Shot,rebound,rebound,3,High
21700369,570,rebound,4,PT03M57.00S,03:57,Q4 03:57,95,92,1610612754.0,Bogdanovic,Bogdanovic REBOUND (Off:0 Def:2),2pt missed,2pt missed,3,High
21700369,571,2pt,4,PT03M36.00S,03:36,Q4 03:36,95,92,1610612754.0,Bogdanovic,MISS Bogdanovic 8' Pullup Jump Shot,rebound,rebound,3,High
21700369,572,rebound,4,PT03M33.00S,03:33,Q4 03:33,95,92,1610612739.0,James,James REBOUND (Off:1 Def:8),2pt missed,3pt missed,3,High
21700369,573,3pt,4,PT03M31.00S,03:31,Q4 03:31,95,92,1610612739.0,Korver,MISS Korver 29' 3PT Jump Shot,rebound,rebound,3,High
21700369,574,rebound,4,PT03M27.00S,03:27,Q4 03:27,95,92,1610612754.0,Stephenson,Stephenson REBOUND (Off:0 Def:7),3pt missed,foul,3,High
21700369,575,foul,4,PT03M07.00S,03:07,Q4 03:07,95,92,1610612739.0,Korver,Korver S.FOUL (P1.T3) (S.Foster),rebound,freethrow,3,High
21700369,577,freethrow,4,PT03M07.00S,03:07,Q4 03:07,95,92,1610612754.0,Turner,MISS Turner Free Throw 1 of 2,foul,rebound,3,High
21700369,578,rebound,4,PT03M07.00S,03:07,Q4 03:07,95,92,1610612754.0,,TEAM offensive REBOUND,freethrow,timeout,3,High
21700369,579,timeout,4,PT03M07.00S,03:07,Q4 03:07,95,92,1610612739.0,,Cavaliers Timeout: Regular (Reg.4 Short 0),rebound,timeout,3,High
21700369,580,timeout,4,PT03M07.00S,03:07,Q4 03:07,95,92,1610612739.0,,Cavaliers Timeout: Regular (Reg.5 Short 0),timeout,freethrow,3,High
21700369,585,freethrow,4,PT03M07.00S,03:07,Q4 03:07,96,92,1610612754.0,Turner,Turner Free Throw 2 of 2 (15 PTS),timeout,substitution,4,High
21700369,581,substitution,4,PT03M07.00S,03:07,Q4 03:07,95,92,1610612754.0,Stephenson,SUB out: L. Stephenson,freethrow,substitution,3,High
21700369,582,substitution,4,PT03M07.00S,03:07,Q4 03:07,95,92,1610612739.0,Green,SUB out: J. Green,substitution,substitution,3,High
21700369,583,substitution,4,PT03M07.00S,03:07,Q4 03:07,95,92,1610612754.0,Joseph,SUB in: C. Joseph,substitution,substitution,3,High
21700369,584,substitution,4,PT03M07.00S,03:07,Q4 03:07,95,92,1610612739.0,Love,SUB in: K. Love,substitution,3pt made,3,High
21700369,586,3pt,4,PT02M49.00S,02:49,Q4 02:49,96,95,1610612739.0,Smith,Smith 29' 3PT Jump Shot (12 PTS) (Love 3 AST),substitution,foul,1,High
21700369,588,foul,4,PT02M38.00S,02:38,Q4 02:38,96,95,1610612739.0,Korver,Korver P.FOUL (P2.T4) (L.Wood),3pt made,substitution,1,High
21700369,590,substitution,4,PT02M38.00S,02:38,Q4 02:38,96,95,1610612739.0,Love,SUB out: K. Love,foul,substitution,1,High
21700369,591,substitution,4,PT02M38.00S,02:38,Q4 02:38,96,95,1610612739.0,Green,SUB in: J. Green,substitution,3pt made,1,High
21700369,592,3pt,4,PT02M29.00S,02:29,Q4 02:29,99,95,1610612754.0,Bogdanovic,Bogdanovic 28' 3PT Jump Shot (10 PTS) (Joseph 2 AST),substitution,2pt missed,4,High
21700369,594,2pt,4,PT02M05.00S,02:05,Q4 02:05,99,95,1610612739.0,James,MISS James 1' Driving Layup,3pt made,rebound,4,High
21700369,595,rebound,4,PT02M04.00S,02:04,Q4 02:04,99,95,1610612754.0,,TEAM defensive REBOUND,2pt missed,3pt missed,4,High
21700369,596,3pt,4,PT01M50.00S,01:50,Q4 01:50,99,95,1610612754.0,Oladipo,MISS Oladipo 27' 3PT Pullup Jump Shot,rebound,rebound,4,Very High
21700369,597,rebound,4,PT01M47.00S,01:47,Q4 01:47,99,95,1610612754.0,Turner,Turner REBOUND (Off:2 Def:4),3pt missed,instant replay,4,Very High
21700369,599,foul,4,PT01M35.00S,01:35,Q4 01:35,99,95,1610612739.0,Green,Green P.FOUL (P5.PN) (S.Twardoski),instant replay,freethrow,4,Very High
21700369,603,freethrow,4,PT01M35.00S,01:35,Q4 01:35,100,95,1610612754.0,Oladipo,Oladipo Free Throw 1 of 2 (29 PTS),foul,freethrow,5,Very High
21700369,604,freethrow,4,PT01M35.00S,01:35,Q4 01:35,100,95,1610612754.0,Oladipo,MISS Oladipo Free Throw 2 of 2,freethrow,rebound,5,Very High
21700369,605,rebound,4,PT01M35.00S,01:35,Q4 01:35,100,95,1610612739.0,Smith,Smith REBOUND (Off:1 Def:4),freethrow,substitution,5,Very High
21700369,601,substitution,4,PT01M35.00S,01:35,Q4 01:35,100,95,1610612739.0,Green,SUB out: J. Green,rebound,substitution,5,Very High
21700369,602,substitution,4,PT01M35.00S,01:35,Q4 01:35,100,95,1610612739.0,Love,SUB in: K. Love,substitution,3pt missed,5,Very High
21700369,606,3pt,4,PT01M23.00S,01:23,Q4 01:23,100,95,1610612739.0,Smith,MISS Smith 26' 3PT Jump Shot,substitution,rebound,5,Very High
21700369,607,rebound,4,PT01M21.00S,01:21,Q4 01:21,100,95,1610612739.0,James,James REBOUND (Off:2 Def:8),3pt missed,2pt made,5,Very High
21700369,609,2pt,4,PT01M21.00S,01:21,Q4 01:21,100,97,1610612739.0,James,James 1' Putback Layup (27 PTS),rebound,3pt made,3,Very High
21700369,610,3pt,4,PT01M01.00S,01:01,Q4 01:01,103,97,1610612754.0,Oladipo,Oladipo 30' 3PT Step Back Jump Shot (32 PTS),2pt made,timeout,6,High
21700369,611,timeout,4,PT01M01.00S,01:01,Q4 01:01,103,97,1610612739.0,,Cavaliers Timeout: Regular (Reg.6 Short 0),3pt made,3pt missed,6,High
21700369,612,3pt,4,PT00M56.50S,00:56,Q4 00:56,103,97,1610612739.0,Smith,MISS Smith 27' 3PT Jump Shot,timeout,rebound,6,High
21700369,613,rebound,4,PT00M53.60S,00:53,Q4 00:53,103,97,1610612739.0,Wade,Wade REBOUND (Off:1 Def:0),3pt missed,3pt missed,6,High
21700369,614,3pt,4,PT00M52.30S,00:52,Q4 00:52,103,97,1610612739.0,Smith,MISS Smith 29' 3PT Jump Shot,rebound,rebound,6,High
21700369,615,rebound,4,PT00M49.40S,00:49,Q4 00:49,103,97,1610612754.0,Oladipo,Oladipo REBOUND (Off:2 Def:6),3pt missed,3pt missed,6,High
21700369,616,3pt,4,PT00M30.40S,00:30,Q4 00:30,103,97,1610612754.0,Bogdanovic,MISS Bogdanovic 27' 3PT Jump Shot,rebound,rebound,6,High
21700369,617,rebound,4,PT00M27.20S,00:27,Q4 00:27,103,97,1610612739.0,Love,Love REBOUND (Off:2 Def:5),3pt missed,2pt made,6,High
21700369,618,2pt,4,PT00M21.40S,00:21,Q4 00:21,103,99,1610612739.0,James,James 1' Running Layup (29 PTS),rebound,timeout,4,Very High
21700369,619,timeout,4,PT00M21.30S,00:21,Q4 00:21,103,99,1610612754.0,,PACERS Timeout: Regular (Full 6 Short 0),2pt made,substitution,4,Very High
21700369,620,substitution,4,PT00M21.30S,00:21,Q4 00:21,103,99,1610612739.0,Love,SUB out: K. Love,timeout,substitution,4,Very High
21700369,621,substitution,4,PT00M21.30S,00:21,Q4 00:21,103,99,1610612739.0,Green,SUB in: J. Green,substitution,foul,4,Very High
21700369,622,foul,4,PT00M17.50S,00:17,Q4 00:17,103,99,1610612739.0,Wade,Wade Personal Take Foul (P3.PN) (S.Foster),substitution,freethrow,4,Very High
21700369,624,freethrow,4,PT00M17.50S,00:17,Q4 00:17,103,99,1610612754.0,Oladipo,MISS Oladipo Free Throw 1 of 2,foul,rebound,4,Very High
21700369,625,rebound,4,PT00M17.50S,00:17,Q4 00:17,103,99,1610612754.0,,TEAM offensive REBOUND,freethrow,freethrow,4,Very High
21700369,628,freethrow,4,PT00M17.50S,00:17,Q4 00:17,104,99,1610612754.0,Oladipo,Oladipo Free Throw 2 of 2 (33 PTS),rebound,substitution,5,Very High
21700369,626,substitution,4,PT00M17.50S,00:17,Q4 00:17,103,99,1610612739.0,Green,SUB out: J. Green,freethrow,substitution,4,Very High
21700369,627,substitution,4,PT00M17.50S,00:17,Q4 00:17,103,99,1610612739.0,Love,SUB in: K. Love,substitution,3pt made,4,Very High
21700369,629,3pt,4,PT00M10.60S,00:10,Q4 00:10,104,102,1610612739.0,Smith,Smith 3PT Jump Shot (15 PTS) (James 8 AST),substitution,foul,2,Very High
21700369,631,foul,4,PT00M08.50S,00:08,Q4 00:08,104,102,1610612739.0,Smith,Smith Personal Take Foul (P4.PN) (L.Wood),3pt made,freethrow,2,Very High
21700369,633,freethrow,4,PT00M08.50S,00:08,Q4 00:08,105,102,1610612754.0,Joseph,Joseph Free Throw 1 of 2 (11 PTS),foul,freethrow,3,Very High
21700369,634,freethrow,4,PT00M08.50S,00:08,Q4 00:08,106,102,1610612754.0,Joseph,Joseph Free Throw 2 of 2 (12 PTS),freethrow,timeout,4,Very High
21700369,635,timeout,4,PT00M08.50S,00:08,Q4 00:08,106,102,1610612739.0,,Cavaliers Timeout: Regular (Reg.7 Short 0),freethrow,3pt missed,4,Very High
21700369,636,3pt,4,PT00M06.70S,00:06,Q4 00:06,106,102,1610612739.0,Love,MISS Love 28' 3PT Jump Shot,timeout,rebound,4,Very High
21700369,637,rebound,4,PT00M02.20S,00:02,Q4 00:02,106,102,1610612754.0,Turner,Turner REBOUND (Off:2 Def:5),3pt missed,period,4,Very High
21700369,638,period,4,PT00M00.00S,00:00,Q4 00:00,106,102,1610612754.0,,End of 4th Period (9:28 PM EST),rebound,,4,Very High
