game_id,actionNumber,actionType,period,clock,clock_display,game_clock,scoreHome,scoreAway,teamId,playerName,description,previous_action,next_action,score_margin,leverage_bucket
21600026,0,period,1,PT12M00.00S,12:00,Q1 12:00,0,0,1610612755.0,,Start of 1st Period (12:41 PM EST),,3pt made,0,Low
21600026,2,3pt,1,PT11M48.00S,11:48,Q1 11:48,3,0,1610612755.0,Embiid,Embiid 26' 3PT Jump Shot (3 PTS),period,turnover,3,Low
21600026,3,turnover,1,PT11M29.00S,11:29,Q1 11:29,0,0,1610612737.0,Bazemore,Bazemore Bad Pass Turnover (P1.T1),3pt made,steal,0,Low
21600026,3,steal,1,PT11M29.00S,11:29,Q1 11:29,0,0,1610612755.0,Covington,Covington STEAL (1 STL),turnover,turnover,0,Low
21600026,4,turnover,1,PT11M24.00S,11:24,Q1 11:24,0,0,1610612755.0,Rodriguez,Rodriguez Bad Pass Turnover (P1.T1),steal,steal,0,Low
21600026,4,steal,1,PT11M24.00S,11:24,Q1 11:24,0,0,1610612737.0,Bazemore,Bazemore STEAL (1 STL),turnover,turnover,0,Low
21600026,5,turnover,1,PT11M18.00S,11:18,Q1 11:18,0,0,1610612737.0,Bazemore,Bazemore Bad Pass Turnover (P2.T2),steal,steal,0,Low
21600026,5,steal,1,PT11M18.00S,11:18,Q1 11:18,0,0,1610612755.0,Covington,Covington STEAL (2 STL),turnover,2pt made,0,Low
21600026,6,2pt,1,PT11M13.00S,11:13,Q1 11:13,5,0,1610612755.0,Embiid,Embiid 1' Running Finger Roll Layup (5 PTS) (Covington 1 AST),steal,2pt missed,5,Low
21600026,7,2pt,1,PT10M56.00S,10:56,Q1 10:56,0,0,1610612737.0,Schroder,MISS Schroder 4' Jump Shot,2pt made,rebound,0,Low
21600026,8,rebound,1,PT10M53.00S,10:53,Q1 10:53,0,0,1610612737.0,Howard,Howard REBOUND (Off:1 Def:0),2pt missed,2pt missed,0,Low
21600026,9,2pt,1,PT10M52.00S,10:52,Q1 10:52,0,0,1610612737.0,Howard,MISS Howard 2' Layup,rebound,2pt missed,0,Low
21600026,10,2pt,1,PT10M50.00S,10:50,Q1 10:50,0,0,1610612737.0,Howard,MISS Howard 2' Layup,2pt missed,rebound,0,Low
21600026,11,rebound,1,PT10M50.00S,10:50,Q1 10:50,0,0,1610612737.0,Howard,Howard REBOUND (Off:2 Def:0),2pt missed,rebound,0,Low
21600026,12,rebound,1,PT10M48.00S,10:48,Q1 10:48,0,0,1610612755.0,Henderson,Henderson REBOUND (Off:0 Def:1),rebound,3pt missed,0,Low
21600026,13,3pt,1,PT10M45.00S,10:45,Q1 10:45,0,0,1610612755.0,Covington,MISS Covington 24' 3PT Jump Shot,rebound,rebound,0,Low
21600026,14,rebound,1,PT10M43.00S,10:43,Q1 10:43,0,0,1610612737.0,Millsap,Millsap REBOUND (Off:0 Def:1),3pt missed,2pt missed,0,Low
21600026,15,2pt,1,PT10M28.00S,10:28,Q1 10:28,0,0,1610612737.0,Millsap,MISS Millsap 4' Jump Shot,rebound,rebound,0,Low
21600026,16,rebound,1,PT10M28.00S,10:28,Q1 10:28,0,0,1610612755.0,,TEAM defensive REBOUND,2pt missed,foul,0,Low
21600026,17,foul,1,PT10M28.00S,10:28,Q1 10:28,0,0,1610612737.0,Howard,Howard L.B.FOUL (P1.T1) (K.Cutler),rebound,2pt missed,0,Low
21600026,18,2pt,1,PT10M18.00S,10:18,Q1 10:18,0,0,1610612755.0,Rodriguez,MISS Rodriguez 1' Driving Layup,foul,rebound,0,Low
21600026,19,rebound,1,PT10M16.00S,10:16,Q1 10:16,0,0,1610612737.0,Schroder,Schroder REBOUND (Off:0 Def:1),2pt missed,foul,0,Low
21600026,20,foul,1,PT10M04.00S,10:04,Q1 10:04,0,0,1610612755.0,Rodriguez,Rodriguez P.FOUL (P1.T1) (K.Cutler),rebound,2pt missed,0,Low
21600026,21,2pt,1,PT09M59.00S,09:59,Q1 09:59,0,0,1610612737.0,Korver,MISS Korver 17' Jump Shot,foul,rebound,0,Low
21600026,22,rebound,1,PT09M58.00S,09:58,Q1 09:58,0,0,1610612755.0,Covington,Covington REBOUND (Off:0 Def:1),2pt missed,3pt made,0,Low
21600026,23,3pt,1,PT09M49.00S,09:49,Q1 09:49,8,0,1610612755.0,Saric,Saric 27' 3PT Jump Shot (3 PTS),rebound,timeout,8,Low
21600026,24,timeout,1,PT09M41.00S,09:41,Q1 09:41,0,0,1610612737.0,,Hawks Timeout: Regular (Reg.1 Short 0),3pt made,2pt missed,0,Low
21600026,26,2pt,1,PT09M37.00S,09:37,Q1 09:37,0,0,1610612737.0,Bazemore,MISS Bazemore 15' Jump Shot,timeout,rebound,0,Low
21600026,27,rebound,1,PT09M35.00S,09:35,Q1 09:35,0,0,1610612755.0,Rodriguez,Rodriguez REBOUND (Off:0 Def:1),2pt missed,2pt missed,0,Low
21600026,28,2pt,1,PT09M21.00S,09:21,Q1 09:21,0,0,1610612755.0,Henderson,MISS Henderson 14' Jump Shot,rebound,rebound,0,Low
21600026,29,rebound,1,PT09M19.00S,09:19,Q1 09:19,0,0,1610612737.0,Schroder,Schroder REBOUND (Off:0 Def:2),2pt missed,2pt made,0,Low
21600026,30,2pt,1,PT09M11.00S,09:11,Q1 09:11,8,2,1610612737.0,Schroder,Schroder 3' Driving Floating Jump Shot (2 PTS),rebound,2pt missed,6,Low
21600026,31,2pt,1,PT08M56.00S,08:56,Q1 08:56,0,0,1610612755.0,Embiid,MISS Embiid 15' Jump Shot,2pt made,rebound,0,Low
21600026,32,rebound,1,PT08M54.00S,08:54,Q1 08:54,0,0,1610612737.0,Millsap,Millsap REBOUND (Off:0 Def:2),2pt missed,foul,0,Low
21600026,33,foul,1,PT08M52.00S,08:52,Q1 08:52,0,0,1610612755.0,Embiid,Embiid P.FOUL (P1.T2) (C.Kirkland),rebound,3pt missed,0,Low
21600026,34,3pt,1,PT08M41.00S,08:41,Q1 08:41,0,0,1610612737.0,Bazemore,MISS Bazemore  3PT Jump Shot,foul,rebound,0,Low
21600026,35,rebound,1,PT08M40.00S,08:40,Q1 08:40,0,0,1610612755.0,Rodriguez,Rodriguez REBOUND (Off:0 Def:2),3pt missed,3pt missed,0,Low
21600026,36,3pt,1,PT08M27.00S,08:27,Q1 08:27,0,0,1610612755.0,Covington,MISS Covington 25' 3PT Jump Shot,rebound,rebound,0,Low
21600026,37,rebound,1,PT08M25.00S,08:25,Q1 08:25,0,0,1610612737.0,Howard,Howard REBOUND (Off:2 Def:1),3pt missed,2pt missed,0,Low
21600026,38,2pt,1,PT08M17.00S,08:17,Q1 08:17,0,0,1610612737.0,Schroder,MISS Schroder 10' Jump Shot,rebound,rebound,0,Low
21600026,39,rebound,1,PT08M16.00S,08:16,Q1 08:16,0,0,1610612737.0,,TEAM offensive REBOUND,2pt missed,substitution,0,Low
21600026,40,substitution,1,PT08M16.00S,08:16,Q1 08:16,0,0,1610612755.0,Embiid,SUB out: J. Embiid,rebound,substitution,0,Low
21600026,41,substitution,1,PT08M16.00S,08:16,Q1 08:16,0,0,1610612755.0,Okafor,SUB in: J. Okafor,substitution,3pt missed,0,Low
21600026,41,3pt,1,PT08M09.00S,08:09,Q1 08:09,0,0,1610612737.0,Bazemore,MISS Bazemore 25' 3PT Jump Shot,substitution,rebound,0,Low
21600026,42,rebound,1,PT08M08.00S,08:08,Q1 08:08,0,0,1610612737.0,Howard,Howard REBOUND (Off:3 Def:1),3pt missed,2pt made,0,Low
21600026,43,2pt,1,PT08M04.00S,08:04,Q1 08:04,8,4,1610612737.0,Korver,Korver 17' Pullup Jump Shot (2 PTS) (Millsap 1 AST),rebound,2pt missed,4,Low
21600026,44,2pt,1,PT07M42.00S,07:42,Q1 07:42,0,0,1610612755.0,Henderson,MISS Henderson 9' Hook Shot,2pt made,rebound,0,Low
21600026,45,rebound,1,PT07M42.00S,07:42,Q1 07:42,0,0,1610612755.0,,TEAM offensive REBOUND,2pt missed,foul,0,Low
21600026,46,foul,1,PT07M42.00S,07:42,Q1 07:42,0,0,1610612737.0,Millsap,Millsap L.B.FOUL (P1.T2) (C.Kirkland),rebound,2pt missed,0,Low
21600026,47,2pt,1,PT07M32.00S,07:32,Q1 07:32,0,0,1610612755.0,Saric,MISS Saric 1' Hook Shot,foul,rebound,0,Low
21600026,48,rebound,1,PT07M31.00S,07:31,Q1 07:31,0,0,1610612737.0,Howard,Howard REBOUND (Off:3 Def:2),2pt missed,3pt made,0,Low
21600026,49,3pt,1,PT07M23.00S,07:23,Q1 07:23,8,7,1610612737.0,Korver,Korver 24' 3PT Jump Shot (5 PTS) (Schroder 1 AST),rebound,turnover,1,Low
21600026,50,turnover,1,PT07M12.00S,07:12,Q1 07:12,0,0,1610612755.0,Covington,Covington Lost Ball Turnover (P1.T2),3pt made,steal,0,Low
21600026,50,steal,1,PT07M12.00S,07:12,Q1 07:12,0,0,1610612737.0,Schroder,Schroder STEAL (1 STL),turnover,2pt made,0,Low
21600026,51,2pt,1,PT07M03.00S,07:03,Q1 07:03,8,9,1610612737.0,Bazemore,Bazemore 17' Jump Shot (2 PTS) (Schroder 2 AST),steal,2pt made,1,Low
21600026,52,2pt,1,PT06M42.00S,06:42,Q1 06:42,10,9,1610612755.0,Okafor,Okafor 2' Layup (2 PTS) (Saric 1 AST),2pt made,2pt made,1,Low
21600026,53,2pt,1,PT06M27.00S,06:27,Q1 06:27,10,11,1610612737.0,Korver,Korver 20' Jump Shot (7 PTS) (Schroder 3 AST),2pt made,2pt missed,1,Low
21600026,54,2pt,1,PT06M14.00S,06:14,Q1 06:14,0,0,1610612755.0,Saric,MISS Saric 20' Jump Shot,2pt made,rebound,0,Low
21600026,55,rebound,1,PT06M13.00S,06:13,Q1 06:13,0,0,1610612737.0,Bazemore,Bazemore REBOUND (Off:0 Def:1),2pt missed,2pt made,0,Low
21600026,56,2pt,1,PT06M08.00S,06:08,Q1 06:08,10,13,1610612737.0,Millsap,Millsap 1' Reverse Layup (2 PTS) (Bazemore 1 AST),rebound,2pt made,3,Low
21600026,57,2pt,1,PT05M49.00S,05:49,Q1 05:49,12,13,1610612755.0,Saric,Saric 3' Turnaround Hook Shot (5 PTS) (Okafor 1 AST),2pt made,turnover,1,Low
21600026,58,turnover,1,PT05M37.00S,05:37,Q1 05:37,0,0,1610612737.0,Millsap,Millsap Lost Ball Turnover (P1.T3),2pt made,steal,0,Low
21600026,58,steal,1,PT05M37.00S,05:37,Q1 05:37,0,0,1610612755.0,Covington,Covington STEAL (3 STL),turnover,2pt made,0,Low
21600026,59,2pt,1,PT05M31.00S,05:31,Q1 05:31,14,13,1610612755.0,Rodriguez,Rodriguez 8' Pullup Jump Shot (2 PTS),steal,2pt made,1,Low
21600026,60,2pt,1,PT05M11.00S,05:11,Q1 05:11,14,15,1610612737.0,Millsap,Millsap 9' Turnaround Jump Shot (4 PTS),2pt made,2pt missed,1,Low
21600026,61,2pt,1,PT04M49.00S,04:49,Q1 04:49,0,0,1610612755.0,Saric,MISS Saric 19' Pullup Jump Shot,2pt made,rebound,0,Low
21600026,62,rebound,1,PT04M49.00S,04:49,Q1 04:49,0,0,1610612737.0,,TEAM defensive REBOUND,2pt missed,substitution,0,Low
21600026,63,substitution,1,PT04M49.00S,04:49,Q1 04:49,0,0,1610612737.0,Millsap,SUB out: P. Millsap,rebound,substitution,0,Low
21600026,64,substitution,1,PT04M49.00S,04:49,Q1 04:49,0,0,1610612755.0,Henderson,SUB out: G. Henderson,substitution,substitution,0,Low
21600026,65,substitution,1,PT04M49.00S,04:49,Q1 04:49,0,0,1610612737.0,Muscala,SUB in: M. Muscala,substitution,substitution,0,Low
21600026,66,substitution,1,PT04M49.00S,04:49,Q1 04:49,0,0,1610612755.0,Stauskas,SUB in: N. Stauskas,substitution,foul,0,Low
21600026,65,foul,1,PT04M41.00S,04:41,Q1 04:41,0,0,1610612755.0,Okafor,Okafor P.FOUL (P1.T3) (C.Kirkland),substitution,substitution,0,Low
21600026,66,substitution,1,PT04M41.00S,04:41,Q1 04:41,0,0,1610612755.0,Saric,SUB out: D. Saric,foul,substitution,0,Low
21600026,67,substitution,1,PT04M41.00S,04:41,Q1 04:41,0,0,1610612737.0,Bazemore,SUB out: K. Bazemore,substitution,substitution,0,Low
21600026,68,substitution,1,PT04M41.00S,04:41,Q1 04:41,0,0,1610612755.0,Grant,SUB in: J. Grant,substitution,substitution,0,Low
21600026,69,substitution,1,PT04M41.00S,04:41,Q1 04:41,0,0,1610612737.0,Hardaway Jr.,SUB in: T. Hardaway Jr.,substitution,foul,0,Low
21600026,68,foul,1,PT04M35.00S,04:35,Q1 04:35,0,0,1610612755.0,Covington,Covington P.FOUL (P1.T4) (D.Stafford),substitution,2pt made,0,Low
21600026,69,2pt,1,PT04M25.00S,04:25,Q1 04:25,14,17,1610612737.0,Muscala,Muscala 3' Driving Layup (2 PTS) (Schroder 4 AST),foul,2pt missed,3,Low
21600026,70,2pt,1,PT04M08.00S,04:08,Q1 04:08,0,0,1610612755.0,Grant,MISS Grant 18' Jump Shot,2pt made,rebound,0,Low
21600026,71,rebound,1,PT04M06.00S,04:06,Q1 04:06,0,0,1610612755.0,Rodriguez,Rodriguez REBOUND (Off:1 Def:2),2pt missed,3pt made,0,Low
21600026,72,3pt,1,PT04M00.00S,04:00,Q1 04:00,17,17,1610612755.0,Stauskas,Stauskas 24' 3PT Jump Shot (3 PTS) (Rodriguez 1 AST),rebound,2pt made,0,Low
21600026,73,2pt,1,PT03M47.00S,03:47,Q1 03:47,17,19,1610612737.0,Muscala,Muscala 16' Jump Shot (4 PTS) (Schroder 5 AST),3pt made,timeout,2,Low
21600026,74,timeout,1,PT03M46.00S,03:46,Q1 03:46,0,0,1610612755.0,,76ERS Timeout: Regular (Full 1 Short 0),2pt made,substitution,0,Low
21600026,76,substitution,1,PT03M46.00S,03:46,Q1 03:46,0,0,1610612755.0,Rodriguez,SUB out: S. Rodriguez,timeout,substitution,0,Low
21600026,77,substitution,1,PT03M46.00S,03:46,Q1 03:46,0,0,1610612755.0,Okafor,SUB out: J. Okafor,substitution,substitution,0,Low
21600026,78,substitution,1,PT03M46.00S,03:46,Q1 03:46,0,0,1610612737.0,Howard,SUB out: D. Howard,substitution,substitution,0,Low
21600026,79,substitution,1,PT03M46.00S,03:46,Q1 03:46,0,0,1610612737.0,Korver,SUB out: K. Korver,substitution,substitution,0,Low
21600026,80,substitution,1,PT03M46.00S,03:46,Q1 03:46,0,0,1610612737.0,Schroder,SUB out: D. Schroder,substitution,substitution,0,Low
21600026,81,substitution,1,PT03M46.00S,03:46,Q1 03:46,0,0,1610612755.0,Holmes,SUB in: R. Holmes,substitution,substitution,0,Low
21600026,82,substitution,1,PT03M46.00S,03:46,Q1 03:46,0,0,1610612755.0,McConnell,SUB in: T. McConnell,substitution,substitution,0,Low
21600026,83,substitution,1,PT03M46.00S,03:46,Q1 03:46,0,0,1610612737.0,Delaney,SUB in: M. Delaney,substitution,substitution,0,Low
21600026,84,substitution,1,PT03M46.00S,03:46,Q1 03:46,0,0,1610612737.0,Humphries,SUB in: K. Humphries,substitution,substitution,0,Low
21600026,85,substitution,1,PT03M46.00S,03:46,Q1 03:46,0,0,1610612737.0,Sefolosha,SUB in: T. Sefolosha,substitution,turnover,0,Low
21600026,81,turnover,1,PT03M31.00S,03:31,Q1 03:31,0,0,1610612755.0,Stauskas,Stauskas Bad Pass Turnover (P1.T3),substitution,steal,0,Low
21600026,81,steal,1,PT03M31.00S,03:31,Q1 03:31,0,0,1610612737.0,Humphries,Humphries STEAL (1 STL),turnover,2pt made,0,Low
21600026,82,2pt,1,PT03M25.00S,03:25,Q1 03:25,17,21,1610612737.0,Humphries,Humphries  Running Dunk (2 PTS) (Hardaway Jr. 1 AST),steal,2pt made,4,Low
21600026,83,2pt,1,PT03M07.00S,03:07,Q1 03:07,19,21,1610612755.0,Grant,Grant 2' Driving Layup (2 PTS) (Stauskas 1 AST),2pt made,3pt missed,2,Low
21600026,84,3pt,1,PT02M55.00S,02:55,Q1 02:55,0,0,1610612737.0,Hardaway Jr.,MISS Hardaway Jr. 25' 3PT Jump Shot,2pt made,block,0,Low
21600026,84,block,1,PT02M55.00S,02:55,Q1 02:55,0,0,1610612755.0,Grant,Grant BLOCK (1 BLK),3pt missed,rebound,0,Low
21600026,85,rebound,1,PT02M53.00S,02:53,Q1 02:53,0,0,1610612755.0,Stauskas,Stauskas REBOUND (Off:0 Def:1),block,2pt missed,0,Low
21600026,86,2pt,1,PT02M49.00S,02:49,Q1 02:49,0,0,1610612755.0,Stauskas,MISS Stauskas 2' Running Layup,rebound,rebound,0,Low
21600026,87,rebound,1,PT02M45.00S,02:45,Q1 02:45,0,0,1610612737.0,Hardaway Jr.,Hardaway Jr. REBOUND (Off:0 Def:1),2pt missed,3pt made,0,Low
21600026,88,3pt,1,PT02M36.00S,02:36,Q1 02:36,19,24,1610612737.0,Delaney,Delaney 26' 3PT Jump Shot (3 PTS) (Muscala 1 AST),rebound,3pt missed,5,Low
21600026,89,3pt,1,PT02M09.00S,02:09,Q1 02:09,0,0,1610612755.0,Stauskas,MISS Stauskas 24' 3PT Jump Shot,3pt made,rebound,0,Low
21600026,90,rebound,1,PT02M07.00S,02:07,Q1 02:07,0,0,1610612755.0,McConnell,McConnell REBOUND (Off:1 Def:0),3pt missed,2pt made,0,Low
21600026,91,2pt,1,PT02M06.00S,02:06,Q1 02:06,21,24,1610612755.0,McConnell,McConnell 3' Floating Jump Shot (2 PTS),rebound,2pt missed,3,Low
21600026,92,2pt,1,PT01M52.00S,01:52,Q1 01:52,0,0,1610612737.0,Hardaway Jr.,MISS Hardaway Jr. 3' Cutting Layup Shot,2pt made,block,0,Low
21600026,92,block,1,PT01M52.00S,01:52,Q1 01:52,0,0,1610612755.0,Grant,Grant BLOCK (2 BLK),2pt missed,rebound,0,Low
21600026,93,rebound,1,PT01M49.00S,01:49,Q1 01:49,0,0,1610612755.0,Holmes,Holmes REBOUND (Off:0 Def:1),block,3pt missed,0,Low
21600026,94,3pt,1,PT01M44.00S,01:44,Q1 01:44,0,0,1610612755.0,Covington,MISS Covington 24' 3PT Jump Shot,rebound,rebound,0,Low
21600026,95,rebound,1,PT01M41.00S,01:41,Q1 01:41,0,0,1610612737.0,Humphries,Humphries REBOUND (Off:0 Def:1),3pt missed,3pt missed,0,Low
21600026,96,3pt,1,PT01M26.00S,01:26,Q1 01:26,0,0,1610612737.0,Hardaway Jr.,MISS Hardaway Jr. 25' 3PT Jump Shot,rebound,rebound,0,Low
21600026,97,rebound,1,PT01M23.00S,01:23,Q1 01:23,0,0,1610612755.0,Holmes,Holmes REBOUND (Off:0 Def:2),3pt missed,2pt made,0,Low
21600026,98,2pt,1,PT01M14.00S,01:14,Q1 01:14,23,24,1610612755.0,McConnell,McConnell 12' Pullup Jump Shot (4 PTS),rebound,foul,1,Low
21600026,99,foul,1,PT01M09.00S,01:09,Q1 01:09,0,0,1610612755.0,McConnell,McConnell Personal Block Foul (P1.PN) (C.Kirkland),2pt made,freethrow,0,Low
21600026,100,freethrow,1,PT01M09.00S,01:09,Q1 01:09,23,25,1610612737.0,Delaney,Delaney Free Throw 1 of 2 (4 PTS),foul,freethrow,2,Low
21600026,103,freethrow,1,PT01M09.00S,01:09,Q1 01:09,0,0,1610612737.0,Delaney,MISS Delaney Free Throw 2 of 2,freethrow,substitution,0,Low
21600026,102,substitution,1,PT01M09.00S,01:09,Q1 01:09,0,0,1610612755.0,Covington,SUB out: R. Covington,freethrow,substitution,0,Low
21600026,103,substitution,1,PT01M09.00S,01:09,Q1 01:09,0,0,1610612755.0,Thompson,SUB in: H. Thompson,substitution,rebound,0,Low
21600026,105,rebound,1,PT01M07.00S,01:07,Q1 01:07,0,0,1610612755.0,Grant,Grant REBOUND (Off:0 Def:1),substitution,turnover,0,Low
21600026,106,turnover,1,PT00M59.90S,00:59,Q1 00:59,0,0,1610612755.0,Holmes,Holmes Lost Ball Turnover (P1.T4),rebound,steal,0,Low
21600026,106,steal,1,PT00M59.90S,00:59,Q1 00:59,0,0,1610612737.0,Delaney,Delaney STEAL (1 STL),turnover,2pt made,0,Low
21600026,107,2pt,1,PT00M55.80S,00:55,Q1 00:55,23,27,1610612737.0,Hardaway Jr.,Hardaway Jr.  Running Dunk (2 PTS) (Delaney 1 AST),steal,foul,4,Low
21600026,109,foul,1,PT00M55.80S,00:55,Q1 00:55,0,0,1610612755.0,Stauskas,Stauskas S.FOUL (P1.PN) (D.Stafford),2pt made,freethrow,0,Low
21600026,110,freethrow,1,PT00M55.80S,00:55,Q1 00:55,0,0,1610612737.0,Hardaway Jr.,MISS Hardaway Jr. Free Throw 1 of 1,foul,rebound,0,Low
21600026,112,rebound,1,PT00M54.90S,00:54,Q1 00:54,0,0,1610612737.0,Muscala,Muscala REBOUND (Off:1 Def:0),freethrow,3pt missed,0,Low
21600026,113,3pt,1,PT00M51.90S,00:51,Q1 00:51,0,0,1610612737.0,Hardaway Jr.,MISS Hardaway Jr. 25' 3PT Jump Shot,rebound,rebound,0,Low
21600026,114,rebound,1,PT00M50.10S,00:50,Q1 00:50,0,0,1610612755.0,Thompson,Thompson REBOUND (Off:0 Def:1),3pt missed,foul,0,Low
21600026,115,foul,1,PT00M34.50S,00:34,Q1 00:34,0,0,1610612737.0,Humphries,Hawks T.Foul (Def. 3 Sec Humphries ) (C.Kirkland),rebound,freethrow,0,Low
21600026,116,freethrow,1,PT00M34.50S,00:34,Q1 00:34,0,0,1610612755.0,McConnell,MISS McConnell Free Throw Technical,foul,rebound,0,Low
21600026,117,rebound,1,PT00M34.50S,00:34,Q1 00:34,0,0,1610612755.0,,TEAM offensive REBOUND,freethrow,turnover,0,Low
21600026,118,turnover,1,PT00M33.90S,00:33,Q1 00:33,0,0,1610612755.0,McConnell,McConnell Bad Pass Turnover (P1.T5),rebound,steal,0,Low
21600026,118,steal,1,PT00M33.90S,00:33,Q1 00:33,0,0,1610612737.0,Humphries,Humphries STEAL (2 STL),turnover,2pt made,0,Low
21600026,119,2pt,1,PT00M28.70S,00:28,Q1 00:28,23,29,1610612737.0,Muscala,Muscala  Running Dunk (6 PTS) (Humphries 1 AST),steal,foul,6,Low
21600026,120,foul,1,PT00M08.70S,00:08,Q1 00:08,0,0,1610612737.0,Delaney,Delaney S.FOUL (P1.T3) (D.Stafford),2pt made,freethrow,0,Low
21600026,121,freethrow,1,PT00M08.70S,00:08,Q1 00:08,0,0,1610612755.0,Grant,MISS Grant Free Throw 1 of 2,foul,rebound,0,Low
21600026,122,rebound,1,PT00M08.70S,00:08,Q1 00:08,0,0,1610612755.0,,TEAM offensive REBOUND,freethrow,freethrow,0,Low
21600026,123,freethrow,1,PT00M08.70S,00:08,Q1 00:08,24,29,1610612755.0,Grant,Grant Free Throw 2 of 2 (3 PTS),rebound,period,5,Low
21600026,125,period,1,PT00M00.00S,00:00,Q1 00:00,24,29,1610612755.0,,End of 1st Period (1:04 PM EST),freethrow,period,5,Low
21600026,127,period,2,PT12M00.00S,12:00,Q2 12:00,24,29,1610612755.0,,Start of 2nd Period (1:07 PM EST),period,substitution,5,Low
21600026,128,2pt,2,PT11M44.00S,11:44,Q2 11:44,0,0,1610612737.0,Hardaway Jr.,MISS Hardaway Jr. 17' Jump Shot,substitution,rebound,0,Low
21600026,129,rebound,2,PT11M42.00S,11:42,Q2 11:42,0,0,1610612755.0,Stauskas,Stauskas REBOUND (Off:0 Def:2),2pt missed,2pt missed,0,Low
21600026,130,2pt,2,PT11M35.00S,11:35,Q2 11:35,0,0,1610612755.0,Okafor,MISS Okafor 9' Turnaround Jump Shot,rebound,rebound,0,Low
21600026,131,rebound,2,PT11M34.00S,11:34,Q2 11:34,0,0,1610612737.0,Humphries,Humphries REBOUND (Off:0 Def:2),2pt missed,2pt made,0,Low
21600026,132,2pt,2,PT11M25.00S,11:25,Q2 11:25,24,31,1610612737.0,Hardaway Jr.,Hardaway Jr. 1' Driving Reverse Layup (4 PTS),rebound,2pt missed,7,Low
21600026,133,2pt,2,PT11M12.00S,11:12,Q2 11:12,0,0,1610612755.0,McConnell,MISS McConnell 6' Jump Bank Shot,2pt made,rebound,0,Low
21600026,134,rebound,2,PT11M10.00S,11:10,Q2 11:10,0,0,1610612737.0,Hardaway Jr.,Hardaway Jr. REBOUND (Off:0 Def:2),2pt missed,2pt missed,0,Low
21600026,135,2pt,2,PT10M53.00S,10:53,Q2 10:53,0,0,1610612737.0,Delaney,MISS Delaney 16' Jump Shot,rebound,rebound,0,Low
21600026,136,rebound,2,PT10M52.00S,10:52,Q2 10:52,0,0,1610612755.0,Okafor,Okafor REBOUND (Off:0 Def:1),2pt missed,2pt missed,0,Low
21600026,137,2pt,2,PT10M32.00S,10:32,Q2 10:32,0,0,1610612755.0,Thompson,MISS Thompson 24' Jump Shot,rebound,rebound,0,Low
21600026,138,rebound,2,PT10M31.00S,10:31,Q2 10:31,0,0,1610612737.0,Muscala,Muscala REBOUND (Off:1 Def:1),2pt missed,3pt missed,0,Low
21600026,139,3pt,2,PT10M21.00S,10:21,Q2 10:21,0,0,1610612737.0,Muscala,MISS Muscala 26' 3PT Jump Shot,rebound,rebound,0,Low
21600026,140,rebound,2,PT10M20.00S,10:20,Q2 10:20,0,0,1610612755.0,Thompson,Thompson REBOUND (Off:0 Def:2),3pt missed,foul,0,Low
21600026,141,foul,2,PT10M15.00S,10:15,Q2 10:15,0,0,1610612737.0,Muscala,Muscala S.FOUL (P1.T1) (C.Kirkland),rebound,freethrow,0,Low
21600026,142,freethrow,2,PT10M15.00S,10:15,Q2 10:15,0,0,1610612755.0,Grant,MISS Grant Free Throw 1 of 2,foul,rebound,0,Low
21600026,143,rebound,2,PT10M15.00S,10:15,Q2 10:15,0,0,1610612755.0,,TEAM offensive REBOUND,freethrow,freethrow,0,Low
21600026,146,freethrow,2,PT10M15.00S,10:15,Q2 10:15,25,31,1610612755.0,Grant,Grant Free Throw 2 of 2 (4 PTS),rebound,substitution,6,Low
21600026,144,substitution,2,PT10M15.00S,10:15,Q2 10:15,0,0,1610612737.0,Muscala,SUB out: M. Muscala,freethrow,substitution,0,Low
21600026,145,substitution,2,PT10M15.00S,10:15,Q2 10:15,0,0,1610612737.0,Hardaway Jr.,SUB out: T. Hardaway Jr.,substitution,substitution,0,Low
21600026,146,substitution,2,PT10M15.00S,10:15,Q2 10:15,0,0,1610612737.0,Millsap,SUB in: P. Millsap,substitution,substitution,0,Low
21600026,147,substitution,2,PT10M15.00S,10:15,Q2 10:15,0,0,1610612737.0,Bazemore,SUB in: K. Bazemore,substitution,foul,0,Low
21600026,148,foul,2,PT10M02.00S,10:02,Q2 10:02,0,0,1610612755.0,Thompson,Thompson S.FOUL (P1.T1) (K.Cutler),substitution,freethrow,0,Low
21600026,149,freethrow,2,PT10M02.00S,10:02,Q2 10:02,25,32,1610612737.0,Sefolosha,Sefolosha Free Throw 1 of 2 (1 PTS),foul,freethrow,7,Low
21600026,152,freethrow,2,PT10M02.00S,10:02,Q2 10:02,0,0,1610612737.0,Sefolosha,MISS Sefolosha Free Throw 2 of 2,freethrow,substitution,0,Low
21600026,151,substitution,2,PT10M02.00S,10:02,Q2 10:02,0,0,1610612755.0,Grant,SUB out: J. Grant,freethrow,substitution,0,Low
21600026,152,substitution,2,PT10M02.00S,10:02,Q2 10:02,0,0,1610612755.0,Embiid,SUB in: J. Embiid,substitution,rebound,0,Low
21600026,154,rebound,2,PT10M01.00S,10:01,Q2 10:01,0,0,1610612755.0,Embiid,Embiid REBOUND (Off:0 Def:1),substitution,2pt missed,0,Low
21600026,155,2pt,2,PT09M44.00S,09:44,Q2 09:44,0,0,1610612755.0,Thompson,MISS Thompson 2' Driving Layup,rebound,rebound,0,Low
21600026,156,rebound,2,PT09M42.00S,09:42,Q2 09:42,0,0,1610612737.0,Sefolosha,Sefolosha REBOUND (Off:0 Def:1),2pt missed,turnover,0,Low
21600026,157,turnover,2,PT09M31.00S,09:31,Q2 09:31,0,0,1610612737.0,Millsap,Millsap Bad Pass Turnover (P2.T4),rebound,steal,0,Low
21600026,157,steal,2,PT09M31.00S,09:31,Q2 09:31,0,0,1610612755.0,McConnell,McConnell STEAL (1 STL),turnover,foul,0,Low
21600026,158,foul,2,PT09M22.00S,09:22,Q2 09:22,0,0,1610612755.0,Stauskas,Stauskas Offensive Charge Foul (P2.T2) (D.Stafford),steal,turnover,0,Low
21600026,159,turnover,2,PT09M22.00S,09:22,Q2 09:22,0,0,1610612755.0,Stauskas,Stauskas Foul Turnover (P2.T6),foul,2pt missed,0,Low
21600026,160,2pt,2,PT09M04.00S,09:04,Q2 09:04,0,0,1610612737.0,Bazemore,MISS Bazemore 18' Jump Shot,turnover,rebound,0,Low
21600026,161,rebound,2,PT09M03.00S,09:03,Q2 09:03,0,0,1610612755.0,Embiid,Embiid REBOUND (Off:0 Def:2),2pt missed,turnover,0,Low
21600026,162,turnover,2,PT08M57.00S,08:57,Q2 08:57,0,0,1610612755.0,Stauskas,Stauskas Bad Pass Turnover (P3.T7),rebound,timeout,0,Low
21600026,163,timeout,2,PT08M57.00S,08:57,Q2 08:57,0,0,0.0,,Timeout: Official,turnover,substitution,0,Low
21600026,165,substitution,2,PT08M57.00S,08:57,Q2 08:57,0,0,1610612737.0,Sefolosha,SUB out: T. Sefolosha,timeout,substitution,0,Low
21600026,166,substitution,2,PT08M57.00S,08:57,Q2 08:57,0,0,1610612737.0,Korver,SUB in: K. Korver,substitution,foul,0,Low
21600026,167,foul,2,PT08M43.00S,08:43,Q2 08:43,0,0,1610612755.0,Embiid,Embiid S.FOUL (P2.T3) (K.Cutler),substitution,freethrow,0,Low
21600026,168,freethrow,2,PT08M43.00S,08:43,Q2 08:43,25,33,1610612737.0,Millsap,Millsap Free Throw 1 of 2 (5 PTS),foul,freethrow,8,Low
21600026,171,freethrow,2,PT08M43.00S,08:43,Q2 08:43,25,34,1610612737.0,Millsap,Millsap Free Throw 2 of 2 (6 PTS),freethrow,substitution,9,Low
21600026,170,substitution,2,PT08M43.00S,08:43,Q2 08:43,0,0,1610612755.0,Stauskas,SUB out: N. Stauskas,freethrow,substitution,0,Low
21600026,171,substitution,2,PT08M43.00S,08:43,Q2 08:43,0,0,1610612755.0,Henderson,SUB in: G. Henderson,substitution,turnover,0,Low
21600026,173,turnover,2,PT08M32.00S,08:32,Q2 08:32,0,0,1610612755.0,Embiid,Embiid Out of Bounds - Bad Pass Turnover Turnover (P1.T8),substitution,substitution,0,Low
21600026,174,substitution,2,PT08M32.00S,08:32,Q2 08:32,0,0,1610612737.0,Delaney,SUB out: M. Delaney,turnover,substitution,0,Low
21600026,175,substitution,2,PT08M32.00S,08:32,Q2 08:32,0,0,1610612737.0,Schroder,SUB in: D. Schroder,substitution,2pt missed,0,Low
21600026,175,2pt,2,PT08M23.00S,08:23,Q2 08:23,0,0,1610612737.0,Bazemore,MISS Bazemore 5' Jump Shot,substitution,block,0,Low
21600026,175,block,2,PT08M23.00S,08:23,Q2 08:23,0,0,1610612755.0,Embiid,Embiid BLOCK (1 BLK),2pt missed,rebound,0,Low
21600026,176,rebound,2,PT08M21.00S,08:21,Q2 08:21,0,0,1610612755.0,Okafor,Okafor REBOUND (Off:0 Def:2),block,foul,0,Low
21600026,177,foul,2,PT08M02.00S,08:02,Q2 08:02,0,0,1610612737.0,Humphries,Humphries S.FOUL (P1.T2) (K.Cutler),rebound,freethrow,0,Low
21600026,178,freethrow,2,PT08M02.00S,08:02,Q2 08:02,26,34,1610612755.0,Embiid,Embiid Free Throw 1 of 2 (6 PTS),foul,freethrow,8,Low
21600026,182,freethrow,2,PT08M02.00S,08:02,Q2 08:02,27,34,1610612755.0,Embiid,Embiid Free Throw 2 of 2 (7 PTS),freethrow,substitution,7,Low
21600026,180,substitution,2,PT08M02.00S,08:02,Q2 08:02,0,0,1610612737.0,Humphries,SUB out: K. Humphries,freethrow,substitution,0,Low
21600026,181,substitution,2,PT08M02.00S,08:02,Q2 08:02,0,0,1610612755.0,McConnell,SUB out: T. McConnell,substitution,substitution,0,Low
21600026,182,substitution,2,PT08M02.00S,08:02,Q2 08:02,0,0,1610612737.0,Howard,SUB in: D. Howard,substitution,substitution,0,Low
21600026,183,substitution,2,PT08M02.00S,08:02,Q2 08:02,0,0,1610612755.0,Rodriguez,SUB in: S. Rodriguez,substitution,2pt missed,0,Low
21600026,184,2pt,2,PT07M46.00S,07:46,Q2 07:46,0,0,1610612737.0,Howard,MISS Howard 2' Layup,substitution,block,0,Low
21600026,184,block,2,PT07M46.00S,07:46,Q2 07:46,0,0,1610612755.0,Embiid,Embiid BLOCK (2 BLK),2pt missed,rebound,0,Low
21600026,185,rebound,2,PT07M46.00S,07:46,Q2 07:46,0,0,1610612737.0,,TEAM offensive REBOUND,block,substitution,0,Low
21600026,186,substitution,2,PT07M46.00S,07:46,Q2 07:46,0,0,1610612755.0,Okafor,SUB out: J. Okafor,rebound,substitution,0,Low
21600026,187,substitution,2,PT07M46.00S,07:46,Q2 07:46,0,0,1610612755.0,Saric,SUB in: D. Saric,substitution,2pt made,0,Low
21600026,187,2pt,2,PT07M41.00S,07:41,Q2 07:41,27,36,1610612737.0,Schroder,Schroder 1' Driving Finger Roll Layup (4 PTS) (Korver 1 AST),substitution,foul,9,Low
21600026,188,foul,2,PT07M28.00S,07:28,Q2 07:28,0,0,1610612737.0,Howard,Howard P.FOUL (P2.T3) (D.Stafford),2pt made,2pt made,0,Low
21600026,189,2pt,2,PT07M15.00S,07:15,Q2 07:15,29,36,1610612755.0,Rodriguez,Rodriguez 23' Pullup Jump Shot (4 PTS),foul,foul,7,Low
21600026,190,foul,2,PT07M08.00S,07:08,Q2 07:08,0,0,1610612755.0,Embiid,Embiid P.FOUL (P3.T4) (D.Stafford),2pt made,substitution,0,Low
21600026,191,substitution,2,PT07M08.00S,07:08,Q2 07:08,0,0,1610612755.0,Embiid,SUB out: J. Embiid,foul,substitution,0,Low
21600026,192,substitution,2,PT07M08.00S,07:08,Q2 07:08,0,0,1610612755.0,Okafor,SUB in: J. Okafor,substitution,2pt made,0,Low
21600026,192,2pt,2,PT07M05.00S,07:05,Q2 07:05,29,38,1610612737.0,Bazemore,Bazemore 2' Reverse Layup (4 PTS) (Korver 2 AST),substitution,3pt missed,9,Low
21600026,193,3pt,2,PT06M52.00S,06:52,Q2 06:52,0,0,1610612755.0,Henderson,MISS Henderson 24' 3PT Jump Shot,2pt made,rebound,0,Low
21600026,194,rebound,2,PT06M51.00S,06:51,Q2 06:51,0,0,1610612737.0,Korver,Korver REBOUND (Off:0 Def:1),3pt missed,3pt missed,0,Low
21600026,195,3pt,2,PT06M45.00S,06:45,Q2 06:45,0,0,1610612737.0,Korver,MISS Korver 24' 3PT Running Pull-Up Jump Shot,rebound,rebound,0,Low
21600026,196,rebound,2,PT06M42.00S,06:42,Q2 06:42,0,0,1610612755.0,Thompson,Thompson REBOUND (Off:0 Def:3),3pt missed,3pt made,0,Low
21600026,197,3pt,2,PT06M31.00S,06:31,Q2 06:31,32,38,1610612755.0,Thompson,Thompson  3PT Jump Shot (3 PTS) (Saric 2 AST),rebound,timeout,6,Low
21600026,198,timeout,2,PT06M29.00S,06:29,Q2 06:29,0,0,1610612737.0,,Hawks Timeout: Regular (Reg.2 Short 0),3pt made,foul,0,Low
21600026,202,foul,2,PT06M14.00S,06:14,Q2 06:14,0,0,1610612755.0,Thompson,Thompson P.FOUL (P2.PN) (C.Kirkland),timeout,turnover,0,Low
21600026,203,turnover,2,PT06M08.00S,06:08,Q2 06:08,0,0,1610612737.0,Schroder,Schroder Bad Pass Turnover (P1.T5),foul,steal,0,Low
21600026,203,steal,2,PT06M08.00S,06:08,Q2 06:08,0,0,1610612755.0,Rodriguez,Rodriguez STEAL (1 STL),turnover,2pt missed,0,Low
21600026,204,2pt,2,PT06M02.00S,06:02,Q2 06:02,0,0,1610612755.0,Okafor,MISS Okafor 7' Jump Shot,steal,block,0,Low
21600026,204,block,2,PT06M02.00S,06:02,Q2 06:02,0,0,1610612737.0,Howard,Howard BLOCK (1 BLK),2pt missed,rebound,0,Low
21600026,205,rebound,2,PT05M58.00S,05:58,Q2 05:58,0,0,1610612755.0,Okafor,Okafor REBOUND (Off:1 Def:2),block,2pt missed,0,Low
21600026,206,2pt,2,PT05M48.00S,05:48,Q2 05:48,0,0,1610612755.0,Saric,MISS Saric 21' Jump Shot,rebound,rebound,0,Low
21600026,207,rebound,2,PT05M46.00S,05:46,Q2 05:46,0,0,1610612737.0,Howard,Howard REBOUND (Off:3 Def:3),2pt missed,3pt made,0,Low
21600026,208,3pt,2,PT05M37.00S,05:37,Q2 05:37,32,41,1610612737.0,Korver,Korver 26' 3PT Jump Shot (10 PTS) (Millsap 2 AST),rebound,2pt missed,9,Low
21600026,209,2pt,2,PT05M16.00S,05:16,Q2 05:16,0,0,1610612755.0,Henderson,MISS Henderson 12' Jump Shot,3pt made,rebound,0,Low
21600026,210,rebound,2,PT05M15.00S,05:15,Q2 05:15,0,0,1610612737.0,Korver,Korver REBOUND (Off:0 Def:2),2pt missed,3pt missed,0,Low
21600026,211,3pt,2,PT05M08.00S,05:08,Q2 05:08,0,0,1610612737.0,Schroder,MISS Schroder 24' 3PT Jump Shot,rebound,rebound,0,Low
21600026,212,rebound,2,PT05M07.00S,05:07,Q2 05:07,0,0,1610612755.0,Okafor,Okafor REBOUND (Off:1 Def:3),3pt missed,turnover,0,Low
21600026,213,turnover,2,PT04M58.00S,04:58,Q2 04:58,0,0,1610612755.0,Rodriguez,Rodriguez Bad Pass Turnover (P2.T9),rebound,steal,0,Low
21600026,213,steal,2,PT04M58.00S,04:58,Q2 04:58,0,0,1610612737.0,Korver,Korver STEAL (1 STL),turnover,2pt missed,0,Low
21600026,214,2pt,2,PT04M48.00S,04:48,Q2 04:48,0,0,1610612737.0,Millsap,MISS Millsap 7' Pullup Jump Shot,steal,rebound,0,Low
21600026,215,rebound,2,PT04M46.00S,04:46,Q2 04:46,0,0,1610612755.0,Saric,Saric REBOUND (Off:0 Def:1),2pt missed,2pt missed,0,Low
21600026,216,2pt,2,PT04M32.00S,04:32,Q2 04:32,0,0,1610612755.0,Okafor,MISS Okafor 13' Step Back Jump Shot,rebound,rebound,0,Low
21600026,217,rebound,2,PT04M29.00S,04:29,Q2 04:29,0,0,1610612737.0,Bazemore,Bazemore REBOUND (Off:0 Def:2),2pt missed,foul,0,Low
21600026,218,foul,2,PT04M24.00S,04:24,Q2 04:24,0,0,1610612737.0,Howard,Howard OFF.Foul (P3) (K.Cutler),rebound,turnover,0,Low
21600026,219,turnover,2,PT04M24.00S,04:24,Q2 04:24,0,0,1610612737.0,Howard,Howard Foul Turnover (P1.T6),foul,timeout,0,Low
21600026,220,timeout,2,PT04M24.00S,04:24,Q2 04:24,0,0,1610612755.0,,76ERS Timeout: Regular (Full 2 Short 0),turnover,substitution,0,Low
21600026,221,substitution,2,PT04M24.00S,04:24,Q2 04:24,0,0,1610612737.0,Howard,SUB out: D. Howard,timeout,substitution,0,Low
21600026,222,substitution,2,PT04M24.00S,04:24,Q2 04:24,0,0,1610612755.0,Henderson,SUB out: G. Henderson,substitution,substitution,0,Low
21600026,223,substitution,2,PT04M24.00S,04:24,Q2 04:24,0,0,1610612755.0,Okafor,SUB out: J. Okafor,substitution,substitution,0,Low
21600026,224,substitution,2,PT04M24.00S,04:24,Q2 04:24,0,0,1610612755.0,Thompson,SUB out: H. Thompson,substitution,substitution,0,Low
21600026,225,substitution,2,PT04M24.00S,04:24,Q2 04:24,0,0,1610612737.0,Muscala,SUB in: M. Muscala,substitution,substitution,0,Low
21600026,226,substitution,2,PT04M24.00S,04:24,Q2 04:24,0,0,1610612755.0,Stauskas,SUB in: N. Stauskas,substitution,substitution,0,Low
21600026,227,substitution,2,PT04M24.00S,04:24,Q2 04:24,0,0,1610612755.0,Holmes,SUB in: R. Holmes,substitution,substitution,0,Low
21600026,228,substitution,2,PT04M24.00S,04:24,Q2 04:24,0,0,1610612755.0,Covington,SUB in: R. Covington,substitution,3pt missed,0,Low
21600026,225,3pt,2,PT04M10.00S,04:10,Q2 04:10,0,0,1610612755.0,Saric,MISS Saric 25' 3PT Jump Shot,substitution,rebound,0,Low
21600026,226,rebound,2,PT04M09.00S,04:09,Q2 04:09,0,0,1610612737.0,Bazemore,Bazemore REBOUND (Off:0 Def:3),3pt missed,3pt made,0,Low
21600026,227,3pt,2,PT03M57.00S,03:57,Q2 03:57,32,44,1610612737.0,Korver,Korver 24' 3PT Jump Shot (13 PTS) (Millsap 3 AST),rebound,2pt missed,12,Low
21600026,228,2pt,2,PT03M39.00S,03:39,Q2 03:39,0,0,1610612755.0,Stauskas,MISS Stauskas 4' Jump Shot,3pt made,block,0,Low
21600026,228,block,2,PT03M39.00S,03:39,Q2 03:39,0,0,1610612737.0,Muscala,Muscala BLOCK (1 BLK),2pt missed,rebound,0,Low
21600026,229,rebound,2,PT03M39.00S,03:39,Q2 03:39,0,0,1610612755.0,,TEAM offensive REBOUND,block,substitution,0,Low
21600026,230,substitution,2,PT03M39.00S,03:39,Q2 03:39,0,0,1610612737.0,Bazemore,SUB out: K. Bazemore,rebound,substitution,0,Low
21600026,231,substitution,2,PT03M39.00S,03:39,Q2 03:39,0,0,1610612737.0,Hardaway Jr.,SUB in: T. Hardaway Jr.,substitution,turnover,0,Low
21600026,231,turnover,2,PT03M35.00S,03:35,Q2 03:35,0,0,1610612755.0,Covington,Covington Bad Pass Turnover (P2.T10),substitution,steal,0,Low
21600026,231,steal,2,PT03M35.00S,03:35,Q2 03:35,0,0,1610612737.0,Hardaway Jr.,Hardaway Jr. STEAL (1 STL),turnover,2pt made,0,Low
21600026,232,2pt,2,PT03M27.00S,03:27,Q2 03:27,32,46,1610612737.0,Muscala,Muscala 15' Turnaround Jump Shot (8 PTS) (Korver 3 AST),steal,2pt missed,14,Low
21600026,233,2pt,2,PT03M09.00S,03:09,Q2 03:09,0,0,1610612755.0,Saric,MISS Saric 5' Jump Shot,2pt made,rebound,0,Low
21600026,234,rebound,2,PT03M08.00S,03:08,Q2 03:08,0,0,1610612737.0,Muscala,Muscala REBOUND (Off:1 Def:2),2pt missed,2pt missed,0,Low
21600026,235,2pt,2,PT03M00.00S,03:00,Q2 03:00,0,0,1610612737.0,Millsap,MISS Millsap  Reverse Layup,rebound,rebound,0,Low
21600026,236,rebound,2,PT02M58.00S,02:58,Q2 02:58,0,0,1610612755.0,Saric,Saric REBOUND (Off:0 Def:2),2pt missed,3pt missed,0,Low
21600026,237,3pt,2,PT02M50.00S,02:50,Q2 02:50,0,0,1610612755.0,Covington,MISS Covington 26' 3PT Jump Shot,rebound,rebound,0,Low
21600026,238,rebound,2,PT02M48.00S,02:48,Q2 02:48,0,0,1610612737.0,Hardaway Jr.,Hardaway Jr. REBOUND (Off:0 Def:3),3pt missed,2pt made,0,Low
21600026,239,2pt,2,PT02M42.00S,02:42,Q2 02:42,32,48,1610612737.0,Korver,Korver 1' Cutting Finger Roll Layup Shot (15 PTS) (Millsap 4 AST),rebound,timeout,16,Low
21600026,240,timeout,2,PT02M41.00S,02:41,Q2 02:41,0,0,1610612755.0,,76ERS Timeout: Short (Full 2 Short 1),2pt made,substitution,0,Low
21600026,241,substitution,2,PT02M41.00S,02:41,Q2 02:41,0,0,1610612737.0,Millsap,SUB out: P. Millsap,timeout,substitution,0,Low
21600026,242,substitution,2,PT02M41.00S,02:41,Q2 02:41,0,0,1610612737.0,Humphries,SUB in: K. Humphries,substitution,2pt made,0,Low
21600026,242,2pt,2,PT02M29.00S,02:29,Q2 02:29,34,48,1610612755.0,Rodriguez,Rodriguez 7' Driving Floating Jump Shot (6 PTS),substitution,2pt made,14,Low
21600026,243,2pt,2,PT02M17.00S,02:17,Q2 02:17,34,50,1610612737.0,Muscala,Muscala 7' Jump Shot (10 PTS) (Schroder 6 AST),2pt made,3pt missed,16,Low
21600026,244,3pt,2,PT01M57.00S,01:57,Q2 01:57,0,0,1610612755.0,Rodriguez,MISS Rodriguez 26' 3PT Jump Shot,2pt made,rebound,0,Low
21600026,245,rebound,2,PT01M56.00S,01:56,Q2 01:56,0,0,1610612755.0,,TEAM offensive REBOUND,3pt missed,2pt made,0,Low
21600026,246,2pt,2,PT01M47.00S,01:47,Q2 01:47,36,50,1610612755.0,Holmes,Holmes  Alley Oop Dunk (2 PTS) (Rodriguez 2 AST),rebound,3pt missed,14,Low
21600026,247,3pt,2,PT01M26.00S,01:26,Q2 01:26,0,0,1610612737.0,Humphries,MISS Humphries 25' 3PT Jump Shot,2pt made,rebound,0,Low
21600026,248,rebound,2,PT01M25.00S,01:25,Q2 01:25,0,0,1610612755.0,Saric,Saric REBOUND (Off:0 Def:3),3pt missed,foul,0,Low
21600026,249,foul,2,PT01M18.00S,01:18,Q2 01:18,0,0,1610612755.0,Saric,Saric OFF.Foul (P1) (C.Kirkland),rebound,turnover,0,Low
21600026,250,turnover,2,PT01M18.00S,01:18,Q2 01:18,0,0,1610612755.0,Saric,Saric Foul Turnover (P1.T11),foul,substitution,0,Low
21600026,251,substitution,2,PT01M18.00S,01:18,Q2 01:18,0,0,1610612737.0,Korver,SUB out: K. Korver,turnover,substitution,0,Low
21600026,252,substitution,2,PT01M18.00S,01:18,Q2 01:18,0,0,1610612737.0,Bazemore,SUB in: K. Bazemore,substitution,2pt made,0,Low
21600026,252,2pt,2,PT01M00.00S,01:00,Q2 01:00,36,52,1610612737.0,Schroder,Schroder 1' Driving Finger Roll Layup (6 PTS),substitution,3pt made,16,Low
21600026,253,3pt,2,PT00M46.90S,00:46,Q2 00:46,39,52,1610612755.0,Stauskas,Stauskas 24' 3PT Step Back Jump Shot (6 PTS) (Holmes 1 AST),2pt made,foul,13,Low
21600026,254,foul,2,PT00M31.40S,00:31,Q2 00:31,0,0,1610612755.0,Holmes,Holmes S.FOUL (P1.PN) (D.Stafford),3pt made,freethrow,0,Low
21600026,255,freethrow,2,PT00M31.40S,00:31,Q2 00:31,39,53,1610612737.0,Schroder,Schroder Free Throw 1 of 2 (7 PTS),foul,freethrow,14,Low
21600026,271,freethrow,2,PT00M31.40S,00:31,Q2 00:31,0,0,1610612737.0,Schroder,Free Throw 2 of 2,freethrow,substitution,0,Low
21600026,257,substitution,2,PT00M31.40S,00:31,Q2 00:31,0,0,1610612737.0,Hardaway Jr.,SUB out: T. Hardaway Jr.,freethrow,substitution,0,Low
21600026,258,substitution,2,PT00M31.40S,00:31,Q2 00:31,0,0,1610612737.0,Sefolosha,SUB in: T. Sefolosha,substitution,rebound,0,Low
21600026,273,rebound,2,PT00M31.30S,00:31,Q2 00:31,0,0,1610612737.0,Humphries,Humphries REBOUND (Off:1 Def:2),substitution,turnover,0,Low
21600026,263,turnover,2,PT00M31.00S,00:31,Q2 00:31,0,0,1610612737.0,Humphries,Humphries Offensive Goaltending Turnover (P1.T7),rebound,2pt missed,0,Low
21600026,264,2pt,2,PT00M12.90S,00:12,Q2 00:12,0,0,1610612755.0,Rodriguez,MISS Rodriguez 17' Pullup Jump Shot,turnover,rebound,0,Low
21600026,265,rebound,2,PT00M08.90S,00:08,Q2 00:08,0,0,1610612737.0,Sefolosha,Sefolosha REBOUND (Off:0 Def:2),2pt missed,turnover,0,Low
21600026,267,turnover,2,PT00M02.50S,00:02,Q2 00:02,0,0,1610612737.0,Schroder,Schroder Out of Bounds - Bad Pass Turnover Turnover (P2.T8),rebound,period,0,Low
21600026,269,period,2,PT00M00.00S,00:00,Q2 00:00,39,53,1610612755.0,,End of 2nd Period (1:38 PM EST),turnover,period,14,Low
21600026,274,period,3,PT12M00.00S,12:00,Q3 12:00,39,53,1610612755.0,,Start of 3rd Period (1:54 PM EST),period,substitution,14,Low
21600026,275,2pt,3,PT11M47.00S,11:47,Q3 11:47,0,0,1610612737.0,Bazemore,MISS Bazemore 16' Jump Shot,substitution,rebound,0,Low
21600026,276,rebound,3,PT11M46.00S,11:46,Q3 11:46,0,0,1610612755.0,Saric,Saric REBOUND (Off:0 Def:4),2pt missed,2pt missed,0,Low
21600026,278,2pt,3,PT11M22.00S,11:22,Q3 11:22,0,0,1610612755.0,Embiid,MISS Embiid 12' Jump Shot,rebound,block,0,Low
21600026,278,block,3,PT11M22.00S,11:22,Q3 11:22,0,0,1610612737.0,Howard,Howard BLOCK (2 BLK),2pt missed,rebound,0,Low
21600026,279,rebound,3,PT11M20.00S,11:20,Q3 11:20,0,0,1610612737.0,Howard,Howard REBOUND (Off:3 Def:4),block,2pt made,0,Low
21600026,280,2pt,3,PT10M59.00S,10:59,Q3 10:59,39,55,1610612737.0,Millsap,Millsap 19' Jump Shot (8 PTS) (Schroder 7 AST),rebound,3pt missed,16,Low
21600026,281,3pt,3,PT10M45.00S,10:45,Q3 10:45,0,0,1610612755.0,Covington,MISS Covington 25' 3PT Jump Shot,2pt made,rebound,0,Low
21600026,282,rebound,3,PT10M43.00S,10:43,Q3 10:43,0,0,1610612737.0,Bazemore,Bazemore REBOUND (Off:0 Def:4),3pt missed,2pt made,0,Low
21600026,283,2pt,3,PT10M38.00S,10:38,Q3 10:38,39,57,1610612737.0,Millsap,Millsap  Dunk (10 PTS) (Bazemore 2 AST),rebound,2pt made,18,Low
21600026,284,2pt,3,PT10M17.00S,10:17,Q3 10:17,41,57,1610612755.0,Embiid,Embiid 19' Jump Shot (9 PTS) (Henderson 1 AST),2pt made,2pt made,16,Low
21600026,285,2pt,3,PT10M09.00S,10:09,Q3 10:09,41,59,1610612737.0,Howard,Howard  Alley Oop Dunk (2 PTS) (Schroder 8 AST),2pt made,2pt made,18,Low
21600026,286,2pt,3,PT09M57.00S,09:57,Q3 09:57,43,59,1610612755.0,Rodriguez,Rodriguez 1' Driving Finger Roll Layup (8 PTS),2pt made,2pt missed,16,Low
21600026,287,2pt,3,PT09M33.00S,09:33,Q3 09:33,0,0,1610612737.0,Millsap,MISS Millsap 5' Jump Shot,2pt made,rebound,0,Low
21600026,288,rebound,3,PT09M32.00S,09:32,Q3 09:32,0,0,1610612755.0,Rodriguez,Rodriguez REBOUND (Off:1 Def:3),2pt missed,2pt missed,0,Low
21600026,289,2pt,3,PT09M26.00S,09:26,Q3 09:26,0,0,1610612755.0,Henderson,MISS Henderson 15' Jump Shot,rebound,block,0,Low
21600026,289,block,3,PT09M26.00S,09:26,Q3 09:26,0,0,1610612737.0,Howard,Howard BLOCK (3 BLK),2pt missed,rebound,0,Low
21600026,291,rebound,3,PT09M25.00S,09:25,Q3 09:25,0,0,1610612737.0,,TEAM defensive REBOUND,block,2pt made,0,Low
21600026,292,2pt,3,PT09M12.00S,09:12,Q3 09:12,43,61,1610612737.0,Schroder,Schroder 17' Pullup Jump Shot (9 PTS),rebound,foul,18,Low
21600026,293,foul,3,PT08M49.00S,08:49,Q3 08:49,0,0,1610612737.0,Millsap,Millsap S.FOUL (P2.T1) (C.Kirkland),2pt made,freethrow,0,Low
21600026,294,freethrow,3,PT08M49.00S,08:49,Q3 08:49,0,0,1610612755.0,Embiid,MISS Embiid Free Throw 1 of 2,foul,rebound,0,Low
21600026,295,rebound,3,PT08M49.00S,08:49,Q3 08:49,0,0,1610612755.0,,TEAM offensive REBOUND,freethrow,freethrow,0,Low
21600026,296,freethrow,3,PT08M49.00S,08:49,Q3 08:49,44,61,1610612755.0,Embiid,Embiid Free Throw 2 of 2 (10 PTS),rebound,2pt made,17,Low
21600026,298,2pt,3,PT08M39.00S,08:39,Q3 08:39,44,63,1610612737.0,Bazemore,Bazemore 2' Cutting Layup Shot (6 PTS) (Schroder 9 AST),freethrow,turnover,19,Low
21600026,299,turnover,3,PT08M25.00S,08:25,Q3 08:25,0,0,1610612755.0,Covington,Covington Traveling Turnover (P3.T12),2pt made,turnover,0,Low
21600026,300,turnover,3,PT08M09.00S,08:09,Q3 08:09,0,0,1610612737.0,Bazemore,Bazemore Bad Pass Turnover (P3.T9),turnover,steal,0,Low
21600026,300,steal,3,PT08M09.00S,08:09,Q3 08:09,0,0,1610612755.0,Henderson,Henderson STEAL (1 STL),turnover,turnover,0,Low
21600026,301,turnover,3,PT08M02.00S,08:02,Q3 08:02,0,0,1610612755.0,Covington,Covington Lost Ball Turnover (P4.T13),steal,steal,0,Low
21600026,301,steal,3,PT08M02.00S,08:02,Q3 08:02,0,0,1610612737.0,Korver,Korver STEAL (2 STL),turnover,turnover,0,Low
21600026,302,turnover,3,PT07M53.00S,07:53,Q3 07:53,0,0,1610612737.0,Korver,Korver Bad Pass Turnover (P1.T10),steal,steal,0,Low
21600026,302,steal,3,PT07M53.00S,07:53,Q3 07:53,0,0,1610612755.0,Embiid,Embiid STEAL (1 STL),turnover,foul,0,Low
21600026,303,foul,3,PT07M39.00S,07:39,Q3 07:39,0,0,1610612737.0,Howard,Howard P.FOUL (P4.T2) (K.Cutler),steal,substitution,0,Low
21600026,305,substitution,3,PT07M39.00S,07:39,Q3 07:39,0,0,1610612737.0,Howard,SUB out: D. Howard,foul,substitution,0,Low
21600026,306,substitution,3,PT07M39.00S,07:39,Q3 07:39,0,0,1610612755.0,Covington,SUB out: R. Covington,substitution,substitution,0,Low
21600026,307,substitution,3,PT07M39.00S,07:39,Q3 07:39,0,0,1610612737.0,Muscala,SUB in: M. Muscala,substitution,substitution,0,Low
21600026,308,substitution,3,PT07M39.00S,07:39,Q3 07:39,0,0,1610612755.0,Stauskas,SUB in: N. Stauskas,substitution,2pt made,0,Low
21600026,307,2pt,3,PT07M30.00S,07:30,Q3 07:30,46,63,1610612755.0,Embiid,Embiid 1' Driving Layup (12 PTS) (Rodriguez 3 AST),substitution,substitution,17,Low
21600026,309,substitution,3,PT07M20.00S,07:20,Q3 07:20,0,0,1610612755.0,Saric,SUB out: D. Saric,2pt made,substitution,0,Low
21600026,310,substitution,3,PT07M20.00S,07:20,Q3 07:20,0,0,1610612755.0,Grant,SUB in: J. Grant,substitution,2pt made,0,Low
21600026,310,2pt,3,PT07M08.00S,07:08,Q3 07:08,46,65,1610612737.0,Bazemore,Bazemore 15' Pullup Jump Shot (8 PTS),substitution,turnover,19,Low
21600026,311,turnover,3,PT06M54.00S,06:54,Q3 06:54,0,0,1610612755.0,Embiid,Embiid Lost Ball Turnover (P2.T14),2pt made,steal,0,Low
21600026,311,steal,3,PT06M54.00S,06:54,Q3 06:54,0,0,1610612737.0,Millsap,Millsap STEAL (1 STL),turnover,3pt missed,0,Low
21600026,312,3pt,3,PT06M45.00S,06:45,Q3 06:45,0,0,1610612737.0,Millsap,MISS Millsap 25' 3PT Jump Shot,steal,rebound,0,Low
21600026,313,rebound,3,PT06M43.00S,06:43,Q3 06:43,0,0,1610612755.0,Stauskas,Stauskas REBOUND (Off:0 Def:3),3pt missed,2pt missed,0,Low
21600026,314,2pt,3,PT06M29.00S,06:29,Q3 06:29,0,0,1610612755.0,Embiid,MISS Embiid 1' Layup,rebound,rebound,0,Low
21600026,315,rebound,3,PT06M28.00S,06:28,Q3 06:28,0,0,1610612755.0,,TEAM offensive REBOUND,2pt missed,timeout,0,Low
21600026,317,timeout,3,PT06M28.00S,06:28,Q3 06:28,0,0,1610612755.0,,76ERS Timeout: Regular (Full 3 Short 1),rebound,substitution,0,Low
21600026,316,substitution,3,PT06M28.00S,06:28,Q3 06:28,0,0,1610612755.0,Embiid,SUB out: J. Embiid,timeout,substitution,0,Low
21600026,317,substitution,3,PT06M28.00S,06:28,Q3 06:28,0,0,1610612755.0,Okafor,SUB in: J. Okafor,substitution,foul,0,Low
21600026,319,foul,3,PT06M18.00S,06:18,Q3 06:18,0,0,1610612737.0,Millsap,Millsap S.FOUL (P3.T3) (C.Kirkland),substitution,freethrow,0,Low
21600026,320,freethrow,3,PT06M18.00S,06:18,Q3 06:18,47,65,1610612755.0,Okafor,Okafor Free Throw 1 of 2 (3 PTS),foul,freethrow,18,Low
21600026,322,freethrow,3,PT06M18.00S,06:18,Q3 06:18,48,65,1610612755.0,Okafor,Okafor Free Throw 2 of 2 (4 PTS),freethrow,2pt missed,17,Low
21600026,324,2pt,3,PT06M07.00S,06:07,Q3 06:07,0,0,1610612737.0,Millsap,MISS Millsap 16' Jump Shot,freethrow,rebound,0,Low
21600026,325,rebound,3,PT06M05.00S,06:05,Q3 06:05,0,0,1610612755.0,,TEAM defensive REBOUND,2pt missed,foul,0,Low
21600026,326,foul,3,PT05M49.00S,05:49,Q3 05:49,0,0,1610612737.0,Muscala,Muscala S.FOUL (P2.T4) (D.Stafford),rebound,freethrow,0,Low
21600026,327,freethrow,3,PT05M49.00S,05:49,Q3 05:49,49,65,1610612755.0,Okafor,Okafor Free Throw 1 of 2 (5 PTS),foul,freethrow,16,Low
21600026,332,freethrow,3,PT05M49.00S,05:49,Q3 05:49,50,65,1610612755.0,Okafor,Okafor Free Throw 2 of 2 (6 PTS),freethrow,substitution,15,Low
21600026,329,substitution,3,PT05M49.00S,05:49,Q3 05:49,0,0,1610612755.0,Henderson,SUB out: G. Henderson,freethrow,substitution,0,Low
21600026,330,substitution,3,PT05M49.00S,05:49,Q3 05:49,0,0,1610612755.0,Rodriguez,SUB out: S. Rodriguez,substitution,substitution,0,Low
21600026,331,substitution,3,PT05M49.00S,05:49,Q3 05:49,0,0,1610612755.0,Thompson,SUB in: H. Thompson,substitution,substitution,0,Low
21600026,332,substitution,3,PT05M49.00S,05:49,Q3 05:49,0,0,1610612755.0,McConnell,SUB in: T. McConnell,substitution,foul,0,Low
21600026,334,foul,3,PT05M37.00S,05:37,Q3 05:37,0,0,1610612755.0,Grant,Grant S.FOUL (P1.T1) (K.Cutler),substitution,freethrow,0,Low
21600026,335,freethrow,3,PT05M37.00S,05:37,Q3 05:37,0,0,1610612737.0,Millsap,MISS Millsap Free Throw 1 of 2,foul,rebound,0,Low
21600026,336,rebound,3,PT05M37.00S,05:37,Q3 05:37,0,0,1610612737.0,,TEAM offensive REBOUND,freethrow,freethrow,0,Low
21600026,338,freethrow,3,PT05M37.00S,05:37,Q3 05:37,50,66,1610612737.0,Millsap,Millsap Free Throw 2 of 2 (11 PTS),rebound,substitution,16,Low
21600026,337,substitution,3,PT05M37.00S,05:37,Q3 05:37,0,0,1610612737.0,Muscala,SUB out: M. Muscala,freethrow,substitution,0,Low
21600026,338,substitution,3,PT05M37.00S,05:37,Q3 05:37,0,0,1610612737.0,Humphries,SUB in: K. Humphries,substitution,2pt missed,0,Low
21600026,340,2pt,3,PT05M21.00S,05:21,Q3 05:21,0,0,1610612755.0,Okafor,MISS Okafor 12' Turnaround Jump Shot,substitution,rebound,0,Low
21600026,341,rebound,3,PT05M19.00S,05:19,Q3 05:19,0,0,1610612737.0,Millsap,Millsap REBOUND (Off:0 Def:3),2pt missed,substitution,0,Low
21600026,343,substitution,3,PT05M11.00S,05:11,Q3 05:11,0,0,1610612737.0,Millsap,SUB out: P. Millsap,rebound,substitution,0,Low
21600026,344,substitution,3,PT05M11.00S,05:11,Q3 05:11,0,0,1610612737.0,Muscala,SUB in: M. Muscala,substitution,turnover,0,Low
21600026,344,turnover,3,PT05M07.00S,05:07,Q3 05:07,0,0,1610612737.0,Korver,Korver Bad Pass Turnover (P2.T11),substitution,steal,0,Low
21600026,344,steal,3,PT05M07.00S,05:07,Q3 05:07,0,0,1610612755.0,Okafor,Okafor STEAL (1 STL),turnover,foul,0,Low
21600026,345,foul,3,PT05M01.00S,05:01,Q3 05:01,0,0,1610612737.0,Bazemore,Bazemore P.FOUL (P1.PN) (C.Kirkland),steal,freethrow,0,Low
21600026,347,freethrow,3,PT05M01.00S,05:01,Q3 05:01,51,66,1610612755.0,McConnell,McConnell Free Throw 1 of 2 (5 PTS),foul,freethrow,15,Low
21600026,349,freethrow,3,PT05M01.00S,05:01,Q3 05:01,52,66,1610612755.0,McConnell,McConnell Free Throw 2 of 2 (6 PTS),freethrow,substitution,14,Low
21600026,346,substitution,3,PT05M01.00S,05:01,Q3 05:01,0,0,1610612737.0,Korver,SUB out: K. Korver,freethrow,substitution,0,Low
21600026,347,substitution,3,PT05M01.00S,05:01,Q3 05:01,0,0,1610612737.0,Hardaway Jr.,SUB in: T. Hardaway Jr.,substitution,2pt missed,0,Low
21600026,351,2pt,3,PT04M37.00S,04:37,Q3 04:37,0,0,1610612737.0,Bazemore,MISS Bazemore 16' Jump Shot,substitution,rebound,0,Low
21600026,352,rebound,3,PT04M35.00S,04:35,Q3 04:35,0,0,1610612755.0,McConnell,McConnell REBOUND (Off:1 Def:1),2pt missed,2pt made,0,Low
21600026,353,2pt,3,PT04M18.00S,04:18,Q3 04:18,54,66,1610612755.0,Okafor,Okafor 12' Driving Hook Shot (8 PTS),rebound,timeout,12,Low
21600026,354,timeout,3,PT04M11.00S,04:11,Q3 04:11,0,0,1610612737.0,,Hawks Timeout: Regular (Reg.3 Short 0),2pt made,2pt missed,0,Low
21600026,356,2pt,3,PT03M58.00S,03:58,Q3 03:58,0,0,1610612737.0,Humphries,MISS Humphries 3' Layup,timeout,rebound,0,Low
21600026,357,rebound,3,PT03M57.00S,03:57,Q3 03:57,0,0,1610612755.0,Grant,Grant REBOUND (Off:0 Def:2),2pt missed,2pt missed,0,Low
21600026,358,2pt,3,PT03M50.00S,03:50,Q3 03:50,0,0,1610612755.0,Grant,MISS Grant 2' Layup,rebound,block,0,Low
21600026,358,block,3,PT03M50.00S,03:50,Q3 03:50,0,0,1610612737.0,Humphries,Humphries BLOCK (1 BLK),2pt missed,rebound,0,Low
21600026,359,rebound,3,PT03M48.00S,03:48,Q3 03:48,0,0,1610612737.0,Muscala,Muscala REBOUND (Off:1 Def:3),block,2pt missed,0,Low
21600026,360,2pt,3,PT03M41.00S,03:41,Q3 03:41,0,0,1610612737.0,Hardaway Jr.,MISS Hardaway Jr. 5' Jump Shot,rebound,block,0,Low
21600026,360,block,3,PT03M41.00S,03:41,Q3 03:41,0,0,1610612755.0,Stauskas,Stauskas BLOCK (1 BLK),2pt missed,rebound,0,Low
21600026,361,rebound,3,PT03M41.00S,03:41,Q3 03:41,0,0,1610612755.0,,TEAM defensive REBOUND,block,substitution,0,Low
21600026,362,substitution,3,PT03M41.00S,03:41,Q3 03:41,0,0,1610612737.0,Bazemore,SUB out: K. Bazemore,rebound,substitution,0,Low
21600026,363,substitution,3,PT03M41.00S,03:41,Q3 03:41,0,0,1610612737.0,Sefolosha,SUB in: T. Sefolosha,substitution,2pt made,0,Low
21600026,363,2pt,3,PT03M21.00S,03:21,Q3 03:21,56,66,1610612755.0,Grant,Grant  Driving Reverse Dunk Shot (6 PTS) (McConnell 1 AST),substitution,2pt missed,10,Low
21600026,364,2pt,3,PT03M02.00S,03:02,Q3 03:02,0,0,1610612737.0,Humphries,MISS Humphries 17' Jump Shot,2pt made,rebound,0,Low
21600026,366,rebound,3,PT03M01.00S,03:01,Q3 03:01,0,0,1610612755.0,Grant,Grant REBOUND (Off:0 Def:3),2pt missed,2pt missed,0,Low
21600026,368,2pt,3,PT02M49.00S,02:49,Q3 02:49,0,0,1610612755.0,Okafor,MISS Okafor 4' Jump Shot,rebound,rebound,0,Low
21600026,369,rebound,3,PT02M47.00S,02:47,Q3 02:47,0,0,1610612737.0,Muscala,Muscala REBOUND (Off:1 Def:4),2pt missed,foul,0,Low
21600026,371,foul,3,PT02M40.00S,02:40,Q3 02:40,0,0,1610612755.0,McConnell,McConnell S.FOUL (P2.T2) (C.Kirkland),rebound,freethrow,0,Low
21600026,372,freethrow,3,PT02M40.00S,02:40,Q3 02:40,56,67,1610612737.0,Schroder,Schroder Free Throw 1 of 2 (10 PTS),foul,freethrow,11,Low
21600026,376,freethrow,3,PT02M40.00S,02:40,Q3 02:40,56,68,1610612737.0,Schroder,Schroder Free Throw 2 of 2 (11 PTS),freethrow,substitution,12,Low
21600026,375,substitution,3,PT02M40.00S,02:40,Q3 02:40,0,0,1610612755.0,Okafor,SUB out: J. Okafor,freethrow,substitution,0,Low
21600026,376,substitution,3,PT02M40.00S,02:40,Q3 02:40,0,0,1610612755.0,Holmes,SUB in: R. Holmes,substitution,3pt missed,0,Low
21600026,378,3pt,3,PT02M32.00S,02:32,Q3 02:32,0,0,1610612755.0,McConnell,MISS McConnell 25' 3PT Jump Shot,substitution,rebound,0,Low
21600026,379,rebound,3,PT02M30.00S,02:30,Q3 02:30,0,0,1610612737.0,Humphries,Humphries REBOUND (Off:1 Def:3),3pt missed,foul,0,Low
21600026,380,foul,3,PT02M19.00S,02:19,Q3 02:19,0,0,1610612755.0,Grant,Grant S.FOUL (P2.T3) (K.Cutler),rebound,freethrow,0,Low
21600026,381,freethrow,3,PT02M19.00S,02:19,Q3 02:19,56,69,1610612737.0,Humphries,Humphries Free Throw 1 of 2 (3 PTS),foul,freethrow,13,Low
21600026,385,freethrow,3,PT02M19.00S,02:19,Q3 02:19,0,0,1610612737.0,Humphries,MISS Humphries Free Throw 2 of 2,freethrow,substitution,0,Low
21600026,383,substitution,3,PT02M19.00S,02:19,Q3 02:19,0,0,1610612737.0,Schroder,SUB out: D. Schroder,freethrow,substitution,0,Low
21600026,384,substitution,3,PT02M19.00S,02:19,Q3 02:19,0,0,1610612737.0,Muscala,SUB out: M. Muscala,substitution,substitution,0,Low
21600026,385,substitution,3,PT02M19.00S,02:19,Q3 02:19,0,0,1610612737.0,Delaney,SUB in: M. Delaney,substitution,substitution,0,Low
21600026,386,substitution,3,PT02M19.00S,02:19,Q3 02:19,0,0,1610612737.0,Millsap,SUB in: P. Millsap,substitution,rebound,0,Low
21600026,387,rebound,3,PT02M18.00S,02:18,Q3 02:18,0,0,1610612755.0,Holmes,Holmes REBOUND (Off:0 Def:3),substitution,2pt made,0,Low
21600026,388,2pt,3,PT02M08.00S,02:08,Q3 02:08,58,69,1610612755.0,Holmes,Holmes  Alley Oop Dunk (4 PTS) (McConnell 2 AST),rebound,foul,11,Low
21600026,389,foul,3,PT01M46.00S,01:46,Q3 01:46,0,0,1610612755.0,Grant,Grant S.FOUL (P3.T4) (K.Cutler),2pt made,freethrow,0,Low
21600026,390,freethrow,3,PT01M46.00S,01:46,Q3 01:46,58,70,1610612737.0,Millsap,Millsap Free Throw 1 of 2 (12 PTS),foul,freethrow,12,Low
21600026,392,freethrow,3,PT01M46.00S,01:46,Q3 01:46,58,71,1610612737.0,Millsap,Millsap Free Throw 2 of 2 (13 PTS),freethrow,2pt missed,13,Low
21600026,394,2pt,3,PT01M34.00S,01:34,Q3 01:34,0,0,1610612755.0,Stauskas,MISS Stauskas 11' Jump Shot,freethrow,rebound,0,Low
21600026,395,rebound,3,PT01M32.00S,01:32,Q3 01:32,0,0,1610612737.0,Humphries,Humphries REBOUND (Off:1 Def:4),2pt missed,2pt missed,0,Low
21600026,396,2pt,3,PT01M23.00S,01:23,Q3 01:23,0,0,1610612737.0,Humphries,MISS Humphries 17' Jump Shot,rebound,rebound,0,Low
21600026,397,rebound,3,PT01M21.00S,01:21,Q3 01:21,0,0,1610612755.0,McConnell,McConnell REBOUND (Off:1 Def:2),2pt missed,2pt missed,0,Low
21600026,398,2pt,3,PT01M12.00S,01:12,Q3 01:12,0,0,1610612755.0,Thompson,MISS Thompson 17' Jump Shot,rebound,rebound,0,Low
21600026,399,rebound,3,PT01M11.00S,01:11,Q3 01:11,0,0,1610612737.0,Humphries,Humphries REBOUND (Off:1 Def:5),2pt missed,3pt made,0,Low
21600026,400,3pt,3,PT01M04.00S,01:04,Q3 01:04,58,74,1610612737.0,Hardaway Jr.,Hardaway Jr.  3PT Jump Shot (7 PTS) (Delaney 2 AST),rebound,3pt missed,16,Low
21600026,401,3pt,3,PT00M41.90S,00:41,Q3 00:41,0,0,1610612755.0,Grant,MISS Grant 26' 3PT Jump Shot,3pt made,rebound,0,Low
21600026,402,rebound,3,PT00M39.90S,00:39,Q3 00:39,0,0,1610612737.0,Humphries,Humphries REBOUND (Off:1 Def:6),3pt missed,3pt missed,0,Low
21600026,403,3pt,3,PT00M30.30S,00:30,Q3 00:30,0,0,1610612737.0,Millsap,MISS Millsap 26' 3PT Jump Shot,rebound,rebound,0,Low
21600026,404,rebound,3,PT00M28.80S,00:28,Q3 00:28,0,0,1610612755.0,Thompson,Thompson REBOUND (Off:0 Def:4),3pt missed,2pt missed,0,Low
21600026,405,2pt,3,PT00M07.90S,00:07,Q3 00:07,0,0,1610612755.0,Grant,MISS Grant 16' Jump Shot,rebound,rebound,0,Low
21600026,406,rebound,3,PT00M05.90S,00:05,Q3 00:05,0,0,1610612737.0,Humphries,Humphries REBOUND (Off:1 Def:7),2pt missed,3pt missed,0,Low
21600026,407,3pt,3,PT00M01.00S,00:01,Q3 00:01,0,0,1610612737.0,Hardaway Jr.,MISS Hardaway Jr. 26' 3PT Jump Shot,rebound,rebound,0,Low
21600026,408,rebound,3,PT00M00.00S,00:00,Q3 00:00,0,0,1610612737.0,,TEAM offensive REBOUND,3pt missed,period,0,Medium
21600026,410,period,3,PT00M00.00S,00:00,Q3 00:00,58,74,1610612755.0,,End of 3rd Period (2:22 PM EST),rebound,period,16,Low
21600026,411,period,4,PT12M00.00S,12:00,Q4 12:00,58,74,1610612755.0,,Start of 4th Period (2:25 PM EST),period,substitution,16,Low
21600026,412,2pt,4,PT11M43.00S,11:43,Q4 11:43,60,74,1610612755.0,Embiid,Embiid 18' Jump Shot (14 PTS),substitution,2pt made,14,Low
21600026,413,2pt,4,PT11M31.00S,11:31,Q4 11:31,60,76,1610612737.0,Millsap,Millsap 1' Layup (15 PTS) (Muscala 2 AST),2pt made,turnover,16,Low
21600026,414,turnover,4,PT11M06.00S,11:06,Q4 11:06,0,0,1610612755.0,McConnell,McConnell Out of Bounds - Bad Pass Turnover Turnover (P2.T15),2pt made,2pt made,0,Medium
21600026,415,2pt,4,PT10M53.00S,10:53,Q4 10:53,60,78,1610612737.0,Delaney,Delaney 8' Turnaround Jump Shot (6 PTS),turnover,2pt missed,18,Low
21600026,416,2pt,4,PT10M35.00S,10:35,Q4 10:35,0,0,1610612755.0,Stauskas,MISS Stauskas 1' Layup,2pt made,rebound,0,Medium
21600026,417,rebound,4,PT10M34.00S,10:34,Q4 10:34,0,0,1610612737.0,,TEAM defensive REBOUND,2pt missed,2pt made,0,Medium
21600026,418,2pt,4,PT10M17.00S,10:17,Q4 10:17,60,80,1610612737.0,Millsap,Millsap 5' Turnaround Jump Shot (17 PTS),rebound,turnover,20,Low
21600026,419,turnover,4,PT10M15.00S,10:15,Q4 10:15,0,0,1610612755.0,Embiid,Embiid Inbound Turnover (P3.T16),2pt made,substitution,0,Medium
21600026,420,substitution,4,PT10M15.00S,10:15,Q4 10:15,0,0,1610612755.0,Grant,SUB out: J. Grant,turnover,substitution,0,Medium
21600026,421,substitution,4,PT10M15.00S,10:15,Q4 10:15,0,0,1610612755.0,Saric,SUB in: D. Saric,substitution,2pt made,0,Medium
21600026,421,2pt,4,PT10M09.00S,10:09,Q4 10:09,60,82,1610612737.0,Muscala,Muscala 17' Jump Shot (12 PTS) (Delaney 3 AST),substitution,timeout,22,Low
21600026,422,timeout,4,PT10M07.00S,10:07,Q4 10:07,0,0,1610612755.0,,76ERS Timeout: Regular (Full 4 Short 1),2pt made,substitution,0,Medium
21600026,423,substitution,4,PT10M07.00S,10:07,Q4 10:07,0,0,1610612755.0,McConnell,SUB out: T. McConnell,timeout,substitution,0,Medium
21600026,424,substitution,4,PT10M07.00S,10:07,Q4 10:07,0,0,1610612755.0,Rodriguez,SUB in: S. Rodriguez,substitution,2pt made,0,Medium
21600026,424,2pt,4,PT09M47.00S,09:47,Q4 09:47,62,82,1610612755.0,Rodriguez,Rodriguez 7' Driving Floating Jump Shot (10 PTS) (Embiid 1 AST),substitution,2pt missed,20,Low
21600026,425,2pt,4,PT09M30.00S,09:30,Q4 09:30,0,0,1610612737.0,Millsap,MISS Millsap 10' Turnaround Fadeaway Shot,2pt made,rebound,0,Medium
21600026,426,rebound,4,PT09M28.00S,09:28,Q4 09:28,0,0,1610612755.0,Stauskas,Stauskas REBOUND (Off:0 Def:4),2pt missed,2pt missed,0,Medium
21600026,427,2pt,4,PT09M19.00S,09:19,Q4 09:19,0,0,1610612755.0,Embiid,MISS Embiid 3' Jump Shot,rebound,block,0,Medium
21600026,427,block,4,PT09M19.00S,09:19,Q4 09:19,0,0,1610612737.0,Muscala,Muscala BLOCK (2 BLK),2pt missed,rebound,0,Medium
21600026,428,rebound,4,PT09M17.00S,09:17,Q4 09:17,0,0,1610612737.0,Sefolosha,Sefolosha REBOUND (Off:0 Def:3),block,3pt missed,0,Medium
21600026,429,3pt,4,PT09M04.00S,09:04,Q4 09:04,0,0,1610612737.0,Hardaway Jr.,MISS Hardaway Jr. 26' 3PT Jump Shot,rebound,rebound,0,Medium
21600026,430,rebound,4,PT09M01.00S,09:01,Q4 09:01,0,0,1610612755.0,Stauskas,Stauskas REBOUND (Off:0 Def:5),3pt missed,3pt missed,0,Medium
21600026,431,3pt,4,PT08M50.00S,08:50,Q4 08:50,0,0,1610612755.0,Rodriguez,MISS Rodriguez 24' 3PT Jump Shot,rebound,rebound,0,Medium
21600026,432,rebound,4,PT08M48.00S,08:48,Q4 08:48,0,0,1610612737.0,Millsap,Millsap REBOUND (Off:0 Def:4),3pt missed,substitution,0,Medium
21600026,434,substitution,4,PT08M42.00S,08:42,Q4 08:42,0,0,1610612737.0,Millsap,SUB out: P. Millsap,rebound,substitution,0,Medium
21600026,435,substitution,4,PT08M42.00S,08:42,Q4 08:42,0,0,1610612755.0,Embiid,SUB out: J. Embiid,substitution,substitution,0,Medium
21600026,436,substitution,4,PT08M42.00S,08:42,Q4 08:42,0,0,1610612737.0,Howard,SUB in: D. Howard,substitution,substitution,0,Medium
21600026,437,substitution,4,PT08M42.00S,08:42,Q4 08:42,0,0,1610612755.0,Holmes,SUB in: R. Holmes,substitution,2pt made,0,Medium
21600026,436,2pt,4,PT08M39.00S,08:39,Q4 08:39,62,84,1610612737.0,Muscala,Muscala 19' Jump Shot (14 PTS) (Sefolosha 1 AST),substitution,2pt made,22,Low
21600026,437,2pt,4,PT08M26.00S,08:26,Q4 08:26,64,84,1610612755.0,Holmes,Holmes 12' Floating Jump Shot (6 PTS) (Rodriguez 4 AST),2pt made,2pt made,20,Low
21600026,438,2pt,4,PT08M10.00S,08:10,Q4 08:10,64,86,1610612737.0,Delaney,Delaney 17' Pullup Jump Shot (8 PTS),2pt made,2pt made,22,Low
21600026,439,2pt,4,PT07M58.00S,07:58,Q4 07:58,66,86,1610612755.0,Holmes,Holmes 12' Driving Floating Bank Jump Shot (8 PTS) (Rodriguez 5 AST),2pt made,2pt missed,20,Low
21600026,440,2pt,4,PT07M44.00S,07:44,Q4 07:44,0,0,1610612737.0,Delaney,MISS Delaney 15' Jump Shot,2pt made,rebound,0,Medium
21600026,441,rebound,4,PT07M43.00S,07:43,Q4 07:43,0,0,1610612755.0,Thompson,Thompson REBOUND (Off:0 Def:5),2pt missed,foul,0,Medium
21600026,442,foul,4,PT07M35.00S,07:35,Q4 07:35,0,0,1610612737.0,Sefolosha,Sefolosha P.FOUL (P1.T1) (K.Cutler),rebound,substitution,0,Medium
21600026,443,substitution,4,PT07M35.00S,07:35,Q4 07:35,0,0,1610612737.0,Hardaway Jr.,SUB out: T. Hardaway Jr.,foul,substitution,0,Medium
21600026,444,substitution,4,PT07M35.00S,07:35,Q4 07:35,0,0,1610612737.0,Korver,SUB in: K. Korver,substitution,2pt made,0,Medium
21600026,444,2pt,4,PT07M24.00S,07:24,Q4 07:24,68,86,1610612755.0,Rodriguez,Rodriguez 15' Fadeaway Jumper (12 PTS),substitution,2pt made,18,Low
21600026,445,2pt,4,PT07M04.00S,07:04,Q4 07:04,68,88,1610612737.0,Sefolosha,Sefolosha 2' Layup (3 PTS) (Howard 1 AST),2pt made,substitution,20,Low
21600026,447,substitution,4,PT06M54.00S,06:54,Q4 06:54,0,0,1610612737.0,Delaney,SUB out: M. Delaney,2pt made,substitution,0,High
21600026,448,substitution,4,PT06M54.00S,06:54,Q4 06:54,0,0,1610612755.0,Stauskas,SUB out: N. Stauskas,substitution,substitution,0,High
21600026,449,substitution,4,PT06M54.00S,06:54,Q4 06:54,0,0,1610612737.0,Schroder,SUB in: D. Schroder,substitution,substitution,0,High
21600026,450,substitution,4,PT06M54.00S,06:54,Q4 06:54,0,0,1610612755.0,Covington,SUB in: R. Covington,substitution,turnover,0,High
21600026,449,turnover,4,PT06M45.00S,06:45,Q4 06:45,0,0,1610612755.0,Rodriguez,Rodriguez Bad Pass Turnover (P3.T17),substitution,steal,0,High
21600026,449,steal,4,PT06M45.00S,06:45,Q4 06:45,0,0,1610612737.0,Muscala,Muscala STEAL (1 STL),turnover,2pt made,0,High
21600026,450,2pt,4,PT06M41.00S,06:41,Q4 06:41,68,90,1610612737.0,Sefolosha,Sefolosha 1' Layup (5 PTS) (Schroder 10 AST),steal,foul,22,Low
21600026,452,foul,4,PT06M23.00S,06:23,Q4 06:23,0,0,1610612737.0,Muscala,Muscala P.FOUL (P3.T2) (C.Kirkland),2pt made,substitution,0,High
21600026,453,substitution,4,PT06M23.00S,06:23,Q4 06:23,0,0,1610612737.0,Muscala,SUB out: M. Muscala,foul,substitution,0,High
21600026,454,substitution,4,PT06M23.00S,06:23,Q4 06:23,0,0,1610612755.0,Thompson,SUB out: H. Thompson,substitution,substitution,0,High
21600026,455,substitution,4,PT06M23.00S,06:23,Q4 06:23,0,0,1610612737.0,Humphries,SUB in: K. Humphries,substitution,substitution,0,High
21600026,456,substitution,4,PT06M23.00S,06:23,Q4 06:23,0,0,1610612755.0,Luwawu-Cabarrot,SUB in: T. Luwawu-Cabarrot,substitution,3pt missed,0,High
21600026,455,3pt,4,PT06M15.00S,06:15,Q4 06:15,0,0,1610612755.0,Saric,MISS Saric 25' 3PT Jump Shot,substitution,rebound,0,High
21600026,456,rebound,4,PT06M13.00S,06:13,Q4 06:13,0,0,1610612737.0,Schroder,Schroder REBOUND (Off:0 Def:3),3pt missed,2pt made,0,High
21600026,457,2pt,4,PT06M05.00S,06:05,Q4 06:05,68,92,1610612737.0,Sefolosha,Sefolosha 1' Driving Finger Roll Layup (7 PTS) (Schroder 11 AST),rebound,timeout,24,Low
21600026,458,timeout,4,PT06M04.00S,06:04,Q4 06:04,0,0,1610612755.0,,76ERS Timeout: Short (Full 4 Short 2),2pt made,substitution,0,High
21600026,459,substitution,4,PT06M04.00S,06:04,Q4 06:04,0,0,1610612737.0,Korver,SUB out: K. Korver,timeout,substitution,0,High
21600026,460,substitution,4,PT06M04.00S,06:04,Q4 06:04,0,0,1610612737.0,Bembry,SUB in: D. Bembry,substitution,2pt missed,0,High
21600026,460,2pt,4,PT05M50.00S,05:50,Q4 05:50,0,0,1610612755.0,Rodriguez,MISS Rodriguez 19' Jump Shot,substitution,rebound,0,High
21600026,461,rebound,4,PT05M49.00S,05:49,Q4 05:49,0,0,1610612737.0,Sefolosha,Sefolosha REBOUND (Off:0 Def:4),2pt missed,foul,0,High
21600026,462,foul,4,PT05M45.00S,05:45,Q4 05:45,0,0,1610612755.0,Holmes,Holmes S.FOUL (P2.T1) (C.Kirkland),rebound,timeout,0,High
21600026,463,timeout,4,PT05M45.00S,05:45,Q4 05:45,0,0,0.0,,Timeout: Official,foul,freethrow,0,High
21600026,466,freethrow,4,PT05M45.00S,05:45,Q4 05:45,68,93,1610612737.0,Sefolosha,Sefolosha Free Throw 1 of 2 (8 PTS),timeout,freethrow,25,Low
21600026,468,freethrow,4,PT05M45.00S,05:45,Q4 05:45,68,94,1610612737.0,Sefolosha,Sefolosha Free Throw 2 of 2 (9 PTS),freethrow,substitution,26,Low
21600026,464,substitution,4,PT05M45.00S,05:45,Q4 05:45,0,0,1610612737.0,Howard,SUB out: D. Howard,freethrow,substitution,0,High
21600026,465,substitution,4,PT05M45.00S,05:45,Q4 05:45,0,0,1610612737.0,Schroder,SUB out: D. Schroder,substitution,substitution,0,High
21600026,466,substitution,4,PT05M45.00S,05:45,Q4 05:45,0,0,1610612737.0,Delaney,SUB in: M. Delaney,substitution,substitution,0,High
21600026,467,substitution,4,PT05M45.00S,05:45,Q4 05:45,0,0,1610612737.0,Prince,SUB in: T. Prince,substitution,turnover,0,High
21600026,470,turnover,4,PT05M33.00S,05:33,Q4 05:33,0,0,1610612755.0,Luwawu-Cabarrot,Luwawu-Cabarrot Bad Pass Turnover (P1.T18),substitution,steal,0,High
21600026,470,steal,4,PT05M33.00S,05:33,Q4 05:33,0,0,1610612737.0,Sefolosha,Sefolosha STEAL (1 STL),turnover,3pt missed,0,High
21600026,471,3pt,4,PT05M22.00S,05:22,Q4 05:22,0,0,1610612737.0,Bembry,MISS Bembry 25' 3PT Jump Shot,steal,rebound,0,High
21600026,472,rebound,4,PT05M20.00S,05:20,Q4 05:20,0,0,1610612755.0,Holmes,Holmes REBOUND (Off:0 Def:4),3pt missed,turnover,0,High
21600026,473,turnover,4,PT05M12.00S,05:12,Q4 05:12,0,0,1610612755.0,Rodriguez,Rodriguez Out of Bounds - Bad Pass Turnover Turnover (P4.T19),rebound,2pt made,0,High
21600026,474,2pt,4,PT04M56.00S,04:56,Q4 04:56,68,96,1610612737.0,Sefolosha,Sefolosha 2' Driving Layup (11 PTS),turnover,2pt made,28,Low
21600026,475,2pt,4,PT04M28.00S,04:28,Q4 04:28,70,96,1610612755.0,Rodriguez,Rodriguez 11' Jump Shot (14 PTS),2pt made,2pt missed,26,Low
21600026,476,2pt,4,PT04M07.00S,04:07,Q4 04:07,0,0,1610612737.0,Delaney,MISS Delaney 18' Jump Shot,2pt made,rebound,0,High
21600026,477,rebound,4,PT04M05.00S,04:05,Q4 04:05,0,0,1610612755.0,Holmes,Holmes REBOUND (Off:0 Def:5),2pt missed,2pt missed,0,High
21600026,478,2pt,4,PT03M57.00S,03:57,Q4 03:57,0,0,1610612755.0,Rodriguez,MISS Rodriguez 10' Floating Jump Shot,rebound,rebound,0,High
21600026,479,rebound,4,PT03M55.00S,03:55,Q4 03:55,0,0,1610612737.0,Delaney,Delaney REBOUND (Off:0 Def:1),2pt missed,2pt missed,0,High
21600026,480,2pt,4,PT03M37.00S,03:37,Q4 03:37,0,0,1610612737.0,Humphries,MISS Humphries 13' Turnaround Jump Shot,rebound,rebound,0,High
21600026,481,rebound,4,PT03M36.00S,03:36,Q4 03:36,0,0,1610612737.0,,TEAM offensive REBOUND,2pt missed,substitution,0,High
21600026,482,substitution,4,PT03M36.00S,03:36,Q4 03:36,0,0,1610612737.0,Sefolosha,SUB out: T. Sefolosha,rebound,substitution,0,High
21600026,483,substitution,4,PT03M36.00S,03:36,Q4 03:36,0,0,1610612755.0,Covington,SUB out: R. Covington,substitution,substitution,0,High
21600026,484,substitution,4,PT03M36.00S,03:36,Q4 03:36,0,0,1610612755.0,Saric,SUB out: D. Saric,substitution,substitution,0,High
21600026,485,substitution,4,PT03M36.00S,03:36,Q4 03:36,0,0,1610612755.0,Rodriguez,SUB out: S. Rodriguez,substitution,substitution,0,High
21600026,486,substitution,4,PT03M36.00S,03:36,Q4 03:36,0,0,1610612737.0,Tavares,SUB in: E. Tavares,substitution,substitution,0,High
21600026,487,substitution,4,PT03M36.00S,03:36,Q4 03:36,0,0,1610612755.0,McConnell,SUB in: T. McConnell,substitution,substitution,0,High
21600026,488,substitution,4,PT03M36.00S,03:36,Q4 03:36,0,0,1610612755.0,Grant,SUB in: J. Grant,substitution,substitution,0,High
21600026,489,substitution,4,PT03M36.00S,03:36,Q4 03:36,0,0,1610612755.0,Stauskas,SUB in: N. Stauskas,substitution,3pt missed,0,High
21600026,487,3pt,4,PT03M30.00S,03:30,Q4 03:30,0,0,1610612737.0,Prince,MISS Prince  3PT Jump Shot,substitution,rebound,0,High
21600026,488,rebound,4,PT03M29.00S,03:29,Q4 03:29,0,0,1610612755.0,,TEAM defensive REBOUND,3pt missed,turnover,0,High
21600026,489,turnover,4,PT03M20.00S,03:20,Q4 03:20,0,0,1610612755.0,Grant,Grant Traveling Turnover (P1.T20),rebound,2pt missed,0,High
21600026,490,2pt,4,PT03M07.00S,03:07,Q4 03:07,0,0,1610612737.0,Bembry,MISS Bembry 10' Jump Shot,turnover,rebound,0,High
21600026,491,rebound,4,PT03M05.00S,03:05,Q4 03:05,0,0,1610612755.0,Luwawu-Cabarrot,Luwawu-Cabarrot REBOUND (Off:0 Def:1),2pt missed,2pt missed,0,High
21600026,492,2pt,4,PT02M54.00S,02:54,Q4 02:54,0,0,1610612755.0,Holmes,MISS Holmes 14' Jump Shot,rebound,rebound,0,High
21600026,493,rebound,4,PT02M53.00S,02:53,Q4 02:53,0,0,1610612737.0,Humphries,Humphries REBOUND (Off:1 Def:8),2pt missed,2pt made,0,High
21600026,494,2pt,4,PT02M34.00S,02:34,Q4 02:34,70,98,1610612737.0,Tavares,Tavares  Reverse Dunk (2 PTS) (Prince 1 AST),rebound,2pt missed,28,Low
21600026,495,2pt,4,PT02M11.00S,02:11,Q4 02:11,0,0,1610612755.0,Holmes,MISS Holmes 8' Jump Shot,2pt made,rebound,0,High
21600026,496,rebound,4,PT02M09.00S,02:09,Q4 02:09,0,0,1610612755.0,Holmes,Holmes REBOUND (Off:1 Def:5),2pt missed,2pt missed,0,High
21600026,497,2pt,4,PT02M05.00S,02:05,Q4 02:05,0,0,1610612755.0,Holmes,MISS Holmes 15' Jump Shot,rebound,rebound,0,High
21600026,498,rebound,4,PT02M03.00S,02:03,Q4 02:03,0,0,1610612737.0,Humphries,Humphries REBOUND (Off:1 Def:9),2pt missed,turnover,0,High
21600026,499,turnover,4,PT01M53.00S,01:53,Q4 01:53,0,0,1610612737.0,Humphries,Humphries Bad Pass Turnover (P2.T12),rebound,steal,0,Very High
21600026,499,steal,4,PT01M53.00S,01:53,Q4 01:53,0,0,1610612755.0,Luwawu-Cabarrot,Luwawu-Cabarrot STEAL (1 STL),turnover,2pt missed,0,Very High
21600026,500,2pt,4,PT01M42.00S,01:42,Q4 01:42,0,0,1610612755.0,Grant,MISS Grant 1' Layup,steal,block,0,Very High
21600026,500,block,4,PT01M42.00S,01:42,Q4 01:42,0,0,1610612737.0,Humphries,Humphries BLOCK (2 BLK),2pt missed,rebound,0,Very High
21600026,501,rebound,4,PT01M40.00S,01:40,Q4 01:40,0,0,1610612737.0,Delaney,Delaney REBOUND (Off:0 Def:2),block,foul,0,Very High
21600026,502,foul,4,PT01M38.00S,01:38,Q4 01:38,0,0,1610612755.0,Holmes,Holmes S.FOUL (P3.T2) (K.Cutler),rebound,timeout,0,Very High
21600026,503,timeout,4,PT01M38.00S,01:38,Q4 01:38,0,0,1610612737.0,,Hawks Timeout: Regular (Reg.4 Short 0),foul,freethrow,0,Very High
21600026,504,freethrow,4,PT01M38.00S,01:38,Q4 01:38,70,99,1610612737.0,Prince,Prince Free Throw 1 of 2 (1 PTS),timeout,freethrow,29,Low
21600026,505,freethrow,4,PT01M38.00S,01:38,Q4 01:38,70,100,1610612737.0,Prince,Prince Free Throw 2 of 2 (2 PTS),freethrow,2pt made,30,Low
21600026,508,2pt,4,PT01M26.00S,01:26,Q4 01:26,72,100,1610612755.0,Holmes,Holmes 1' Alley Oop Dunk (10 PTS) (Luwawu-Cabarrot 1 AST),freethrow,foul,28,Low
21600026,510,foul,4,PT01M13.00S,01:13,Q4 01:13,0,0,1610612755.0,Stauskas,Stauskas S.FOUL (P3.PN) (C.Kirkland),2pt made,freethrow,0,Very High
21600026,511,freethrow,4,PT01M13.00S,01:13,Q4 01:13,0,0,1610612737.0,Tavares,MISS Tavares Free Throw 1 of 2,foul,rebound,0,Very High
21600026,512,rebound,4,PT01M13.00S,01:13,Q4 01:13,0,0,1610612737.0,,TEAM offensive REBOUND,freethrow,freethrow,0,Very High
21600026,513,freethrow,4,PT01M13.00S,01:13,Q4 01:13,0,0,1610612737.0,Tavares,MISS Tavares Free Throw 2 of 2,rebound,rebound,0,Very High
21600026,515,rebound,4,PT01M12.00S,01:12,Q4 01:12,0,0,1610612737.0,Bembry,Bembry REBOUND (Off:1 Def:0),freethrow,2pt made,0,Very High
21600026,516,2pt,4,PT00M55.00S,00:55,Q4 00:55,72,102,1610612737.0,Bembry,Bembry 13' Turnaround Jump Shot (2 PTS),rebound,2pt missed,30,Low
21600026,517,2pt,4,PT00M34.90S,00:34,Q4 00:34,0,0,1610612755.0,Luwawu-Cabarrot,MISS Luwawu-Cabarrot 3' Jump Shot,2pt made,rebound,0,Very High
21600026,518,rebound,4,PT00M32.90S,00:32,Q4 00:32,0,0,1610612737.0,Tavares,Tavares REBOUND (Off:0 Def:1),2pt missed,2pt made,0,Very High
21600026,519,2pt,4,PT00M26.30S,00:26,Q4 00:26,72,104,1610612737.0,Prince,Prince 5' Jump Shot (4 PTS) (Delaney 4 AST),rebound,2pt missed,32,Low
21600026,520,2pt,4,PT00M14.40S,00:14,Q4 00:14,0,0,1610612755.0,McConnell,MISS McConnell 15' Jump Shot,2pt made,rebound,0,Very High
21600026,521,rebound,4,PT00M12.90S,00:12,Q4 00:12,0,0,1610612737.0,Bembry,Bembry REBOUND (Off:1 Def:1),2pt missed,period,0,Very High
21600026,523,period,4,PT00M00.00S,00:00,Q4 00:00,72,104,1610612755.0,,End of 4th Period (2:51 PM EST),rebound,,32,Low
