game_id,actionNumber,actionType,period,clock,clock_display,game_clock,scoreHome,scoreAway,teamId,playerName,description,previous_action,next_action,score_margin,leverage_bucket
22100152,7,3pt,1,PT11M46.00S,11:46,Q1 11:46,3,0,1610612744.0,Curry,S. Curry 27' 3PT  (3 PTS) (D. Green 1 AST),,2pt missed,3,Low
22100152,9,2pt,1,PT11M30.00S,11:30,Q1 11:30,3,0,1610612737.0,Hunter,MISS D. Hunter 6' driving Layup,3pt made,rebound,3,Low
22100152,10,rebound,1,PT11M29.00S,11:29,Q1 11:29,3,0,1610612744.0,,TEAM defensive REBOUND,2pt missed,3pt missed,3,Low
22100152,12,3pt,1,PT11M20.00S,11:20,Q1 11:20,3,0,1610612744.0,Poole,MISS J. Poole 3PT,rebound,rebound,3,Low
22100152,13,rebound,1,PT11M17.00S,11:17,Q1 11:17,3,0,1610612744.0,Looney,K. Looney REBOUND (Off:1 Def:0),3pt missed,3pt made,3,Low
22100152,14,3pt,1,PT11M16.00S,11:16,Q1 11:16,6,0,1610612744.0,Curry,S. Curry 29' 3PT  (6 PTS) (K. Looney 1 AST),rebound,3pt missed,6,Low
22100152,16,3pt,1,PT10M54.00S,10:54,Q1 10:54,6,0,1610612737.0,Hunter,MISS D. Hunter 24' step back 3PT,3pt made,rebound,6,Low
22100152,17,rebound,1,PT10M52.00S,10:52,Q1 10:52,6,0,1610612744.0,Wiggins,A. Wiggins REBOUND (Off:0 Def:1),3pt missed,2pt missed,6,Low
22100152,18,2pt,1,PT10M43.00S,10:43,Q1 10:43,6,0,1610612744.0,Curry,MISS S. Curry 8' driving floating Shot,rebound,rebound,6,Low
22100152,19,rebound,1,PT10M40.00S,10:40,Q1 10:40,6,0,1610612744.0,Curry,S. Curry REBOUND (Off:1 Def:0),2pt missed,2pt made,6,Low
22100152,20,2pt,1,PT10M40.00S,10:40,Q1 10:40,8,0,1610612744.0,Curry,S. Curry putback Layup (8 PTS),rebound,3pt missed,8,Low
22100152,21,3pt,1,PT10M28.00S,10:28,Q1 10:28,8,0,1610612737.0,Bogdanovic,MISS B. Bogdanovic 3PT,2pt made,rebound,8,Low
22100152,22,rebound,1,PT10M25.00S,10:25,Q1 10:25,8,0,1610612737.0,,TEAM offensive REBOUND,3pt missed,3pt made,8,Low
22100152,24,3pt,1,PT10M21.00S,10:21,Q1 10:21,8,3,1610612737.0,Collins,J. Collins 27' 3PT  (3 PTS) (T. Young 1 AST),rebound,3pt missed,5,Low
22100152,26,3pt,1,PT10M08.00S,10:08,Q1 10:08,8,3,1610612744.0,Wiggins,MISS A. Wiggins 29' 3PT,3pt made,rebound,5,Low
22100152,27,rebound,1,PT10M06.00S,10:06,Q1 10:06,8,3,1610612737.0,,TEAM defensive REBOUND,3pt missed,turnover,5,Low
22100152,29,turnover,1,PT09M59.00S,09:59,Q1 09:59,8,3,1610612737.0,Young,T. Young bad pass TURNOVER (1 TO),rebound,steal,5,Low
22100152,30,steal,1,PT09M59.00S,09:59,Q1 09:59,8,3,1610612744.0,Green,D. Green STEAL (1 STL),turnover,2pt missed,5,Low
22100152,32,2pt,1,PT09M54.00S,09:54,Q1 09:54,8,3,1610612744.0,Wiggins,MISS A. Wiggins running alley-oop DUNK,steal,rebound,5,Low
22100152,33,rebound,1,PT09M52.00S,09:52,Q1 09:52,8,3,1610612744.0,Curry,S. Curry REBOUND (Off:2 Def:0),2pt missed,2pt made,5,Low
22100152,34,2pt,1,PT09M50.00S,09:50,Q1 09:50,10,3,1610612744.0,Curry,S. Curry Layup (10 PTS),rebound,timeout,7,Low
22100152,35,timeout,1,PT09M42.00S,09:42,Q1 09:42,10,3,1610612737.0,,ATL Timeout,2pt made,3pt made,7,Low
22100152,36,3pt,1,PT09M32.00S,09:32,Q1 09:32,10,6,1610612737.0,Young,T. Young 27' 3PT step back (3 PTS),timeout,2pt missed,4,Low
22100152,37,2pt,1,PT09M11.00S,09:11,Q1 09:11,10,6,1610612744.0,Looney,MISS K. Looney 17' step back Shot,3pt made,rebound,4,Low
22100152,38,rebound,1,PT09M08.00S,09:08,Q1 09:08,10,6,1610612744.0,Green,D. Green REBOUND (Off:1 Def:0),2pt missed,turnover,4,Low
22100152,39,turnover,1,PT09M06.00S,09:06,Q1 09:06,10,6,1610612744.0,Green,D. Green bad pass TURNOVER (1 TO),rebound,steal,4,Low
22100152,40,steal,1,PT09M06.00S,09:06,Q1 09:06,10,6,1610612737.0,Young,T. Young STEAL (1 STL),turnover,2pt made,4,Low
22100152,42,2pt,1,PT08M55.00S,08:55,Q1 08:55,10,8,1610612737.0,Bogdanovic,B. Bogdanovic 11' step back Jump Shot (2 PTS) (C. Capela 1 AST),steal,timeout,2,Low
22100152,44,timeout,1,PT08M48.00S,08:48,Q1 08:48,10,8,1610612744.0,,GSW Timeout,2pt made,3pt missed,2,Low
22100152,45,3pt,1,PT08M40.00S,08:40,Q1 08:40,10,8,1610612744.0,Green,MISS D. Green 27' 3PT,timeout,rebound,2,Low
22100152,46,rebound,1,PT08M38.00S,08:38,Q1 08:38,10,8,1610612737.0,Hunter,D. Hunter REBOUND (Off:0 Def:1),3pt missed,2pt made,2,Low
22100152,47,2pt,1,PT08M23.00S,08:23,Q1 08:23,10,10,1610612737.0,Bogdanovic,B. Bogdanovic 11' turnaround fadeaway Jump Shot (4 PTS),rebound,3pt missed,0,Low
22100152,48,3pt,1,PT08M11.00S,08:11,Q1 08:11,10,10,1610612744.0,Wiggins,MISS A. Wiggins 27' 3PT,2pt made,rebound,0,Low
22100152,49,rebound,1,PT08M09.00S,08:09,Q1 08:09,10,10,1610612737.0,Hunter,D. Hunter REBOUND (Off:0 Def:2),3pt missed,2pt made,0,Low
22100152,51,2pt,1,PT07M58.00S,07:58,Q1 07:58,10,12,1610612737.0,Collins,J. Collins alley-oop Layup (5 PTS) (T. Young 2 AST),rebound,3pt missed,2,Low
22100152,53,3pt,1,PT07M45.00S,07:45,Q1 07:45,10,12,1610612744.0,Curry,MISS S. Curry 26' step back 3PT,2pt made,rebound,2,Low
22100152,54,rebound,1,PT07M43.00S,07:43,Q1 07:43,10,12,1610612737.0,Capela,C. Capela REBOUND (Off:0 Def:1),3pt missed,foul,2,Low
22100152,55,foul,1,PT07M33.00S,07:33,Q1 07:33,10,12,1610612744.0,Looney,K. Looney shooting personal FOUL (1 PF) (Capela 2 FT),rebound,freethrow,2,Low
22100152,57,freethrow,1,PT07M33.00S,07:33,Q1 07:33,10,12,1610612737.0,Capela,MISS C. Capela Free Throw 1 of 2,foul,rebound,2,Low
22100152,58,rebound,1,PT07M33.00S,07:33,Q1 07:33,10,12,1610612737.0,,TEAM offensive REBOUND,freethrow,freethrow,2,Low
22100152,59,freethrow,1,PT07M33.00S,07:33,Q1 07:33,10,12,1610612737.0,Capela,MISS C. Capela Free Throw 2 of 2,rebound,rebound,2,Low
22100152,60,rebound,1,PT07M31.00S,07:31,Q1 07:31,10,12,1610612744.0,Looney,K. Looney REBOUND (Off:1 Def:1),freethrow,foul,2,Low
22100152,62,foul,1,PT07M19.00S,07:19,Q1 07:19,10,12,1610612737.0,Hunter,D. Hunter shooting personal FOUL (1 PF) (Curry 3 FT),rebound,freethrow,2,Low
22100152,64,freethrow,1,PT07M19.00S,07:19,Q1 07:19,11,12,1610612744.0,Curry,S. Curry Free Throw 1 of 3 (11 PTS),foul,freethrow,1,Low
22100152,65,freethrow,1,PT07M19.00S,07:19,Q1 07:19,12,12,1610612744.0,Curry,S. Curry Free Throw 2 of 3 (12 PTS),freethrow,freethrow,0,Low
22100152,66,freethrow,1,PT07M19.00S,07:19,Q1 07:19,13,12,1610612744.0,Curry,S. Curry Free Throw 3 of 3 (13 PTS),freethrow,2pt made,1,Low
22100152,67,2pt,1,PT07M02.00S,07:02,Q1 07:02,13,14,1610612737.0,Young,T. Young 16' step back Jump Shot (5 PTS) (C. Capela 2 AST),freethrow,2pt made,1,Low
22100152,69,2pt,1,PT06M50.00S,06:50,Q1 06:50,15,14,1610612744.0,Wiggins,A. Wiggins cutting DUNK (2 PTS) (S. Curry 1 AST),2pt made,3pt missed,1,Low
22100152,71,3pt,1,PT06M45.00S,06:45,Q1 06:45,15,14,1610612737.0,Young,MISS T. Young 29' running pullup 3PT,2pt made,rebound,1,Low
22100152,72,rebound,1,PT06M43.00S,06:43,Q1 06:43,15,14,1610612737.0,Capela,C. Capela REBOUND (Off:1 Def:1),3pt missed,foul,1,Low
22100152,73,foul,1,PT06M38.00S,06:38,Q1 06:38,15,14,1610612744.0,Looney,K. Looney shooting personal FOUL (2 PF) (Collins 2 FT),rebound,freethrow,1,Low
22100152,75,freethrow,1,PT06M38.00S,06:38,Q1 06:38,15,15,1610612737.0,Collins,J. Collins Free Throw 1 of 2 (6 PTS),foul,freethrow,0,Low
22100152,80,freethrow,1,PT06M38.00S,06:38,Q1 06:38,15,16,1610612737.0,Collins,J. Collins Free Throw 2 of 2 (7 PTS),freethrow,substitution,1,Low
22100152,76,substitution,1,PT06M38.00S,06:38,Q1 06:38,15,15,1610612744.0,Curry,SUB out: S. Curry,freethrow,substitution,0,Low
22100152,77,substitution,1,PT06M38.00S,06:38,Q1 06:38,15,15,1610612744.0,Looney,SUB out: K. Looney,substitution,substitution,0,Low
22100152,78,substitution,1,PT06M38.00S,06:38,Q1 06:38,15,15,1610612744.0,Payton II,SUB in: G. Payton II,substitution,substitution,0,Low
22100152,79,substitution,1,PT06M38.00S,06:38,Q1 06:38,15,15,1610612744.0,Bjelica,SUB in: N. Bjelica,substitution,3pt made,0,Low
22100152,81,3pt,1,PT06M26.00S,06:26,Q1 06:26,18,16,1610612744.0,Poole,J. Poole 26' 3PT  (3 PTS) (A. Wiggins 1 AST),substitution,3pt made,2,Low
22100152,83,3pt,1,PT06M10.00S,06:10,Q1 06:10,18,19,1610612737.0,Young,T. Young 27' 3PT step back (8 PTS),3pt made,2pt missed,1,Low
22100152,84,2pt,1,PT05M58.00S,05:58,Q1 05:58,18,19,1610612744.0,Green,MISS D. Green 11' floating Shot,3pt made,rebound,1,Low
22100152,85,rebound,1,PT05M55.00S,05:55,Q1 05:55,18,19,1610612744.0,Green,D. Green REBOUND (Off:2 Def:0),2pt missed,foul,1,Low
22100152,86,foul,1,PT05M55.00S,05:55,Q1 05:55,18,19,1610612737.0,Hunter,D. Hunter personal FOUL (2 PF),rebound,substitution,1,Low
22100152,88,substitution,1,PT05M55.00S,05:55,Q1 05:55,18,19,1610612737.0,Hunter,SUB out: D. Hunter,foul,substitution,1,Low
22100152,89,substitution,1,PT05M55.00S,05:55,Q1 05:55,18,19,1610612737.0,Capela,SUB out: C. Capela,substitution,substitution,1,Low
22100152,90,substitution,1,PT05M55.00S,05:55,Q1 05:55,18,19,1610612737.0,Huerter,SUB in: K. Huerter,substitution,substitution,1,Low
22100152,91,substitution,1,PT05M55.00S,05:55,Q1 05:55,18,19,1610612737.0,Gallinari,SUB in: D. Gallinari,substitution,2pt missed,1,Low
22100152,184,2pt,1,PT05M49.00S,05:49,Q1 05:49,18,19,1610612744.0,Wiggins,MISS A. Wiggins alley-oop DUNK,substitution,rebound,1,Low
22100152,185,rebound,1,PT05M49.00S,05:49,Q1 05:49,18,19,1610612737.0,,TEAM defensive REBOUND,2pt missed,2pt made,1,Low
22100152,93,2pt,1,PT05M38.00S,05:38,Q1 05:38,18,21,1610612737.0,Young,T. Young driving finger roll Layup (10 PTS),rebound,foul,3,Low
22100152,94,foul,1,PT05M20.00S,05:20,Q1 05:20,18,21,1610612737.0,Huerter,K. Huerter shooting personal FOUL (1 PF) (Wiggins 2 FT),2pt made,freethrow,3,Low
22100152,97,freethrow,1,PT05M20.00S,05:20,Q1 05:20,19,21,1610612744.0,Wiggins,A. Wiggins Free Throw 1 of 2 (3 PTS),foul,freethrow,2,Low
22100152,98,freethrow,1,PT05M20.00S,05:20,Q1 05:20,20,21,1610612744.0,Wiggins,A. Wiggins Free Throw 2 of 2 (4 PTS),freethrow,3pt made,1,Low
22100152,99,3pt,1,PT05M10.00S,05:10,Q1 05:10,20,24,1610612737.0,Collins,J. Collins 26' 3PT  (10 PTS) (T. Young 3 AST),freethrow,2pt missed,4,Low
22100152,101,2pt,1,PT04M51.00S,04:51,Q1 04:51,20,24,1610612744.0,Green,MISS D. Green Hook,3pt made,rebound,4,Low
22100152,102,rebound,1,PT04M49.00S,04:49,Q1 04:49,20,24,1610612744.0,Wiggins,A. Wiggins REBOUND (Off:1 Def:1),2pt missed,2pt made,4,Low
22100152,103,2pt,1,PT04M46.00S,04:46,Q1 04:46,22,24,1610612744.0,Wiggins,A. Wiggins putback Layup (6 PTS),rebound,foul,2,Low
22100152,104,foul,1,PT04M40.00S,04:40,Q1 04:40,22,24,1610612744.0,Bjelica,N. Bjelica personal FOUL (1 PF),2pt made,3pt missed,2,Low
22100152,106,3pt,1,PT04M31.00S,04:31,Q1 04:31,22,24,1610612737.0,Gallinari,MISS D. Gallinari 25' 3PT,foul,rebound,2,Low
22100152,107,rebound,1,PT04M29.00S,04:29,Q1 04:29,22,24,1610612744.0,Wiggins,A. Wiggins REBOUND (Off:1 Def:2),3pt missed,3pt missed,2,Low
22100152,108,3pt,1,PT04M09.00S,04:09,Q1 04:09,22,24,1610612744.0,Wiggins,MISS A. Wiggins 28' 3PT,rebound,rebound,2,Low
22100152,109,rebound,1,PT04M07.00S,04:07,Q1 04:07,22,24,1610612737.0,,TEAM defensive REBOUND,3pt missed,foul,2,Low
22100152,110,foul,1,PT04M07.00S,04:07,Q1 04:07,22,24,1610612744.0,Payton II,G. Payton II loose ball personal FOUL (1 PF),rebound,substitution,2,Low
22100152,112,substitution,1,PT04M07.00S,04:07,Q1 04:07,22,24,1610612737.0,Bogdanovic,SUB out: B. Bogdanovic,foul,substitution,2,Low
22100152,113,substitution,1,PT04M07.00S,04:07,Q1 04:07,22,24,1610612737.0,Reddish,SUB in: C. Reddish,substitution,3pt missed,2,Low
22100152,114,3pt,1,PT03M56.00S,03:56,Q1 03:56,22,24,1610612737.0,Gallinari,MISS D. Gallinari 25' 3PT,substitution,rebound,2,Low
22100152,115,rebound,1,PT03M54.00S,03:54,Q1 03:54,22,24,1610612744.0,Green,D. Green REBOUND (Off:2 Def:1),3pt missed,3pt missed,2,Low
22100152,116,3pt,1,PT03M45.00S,03:45,Q1 03:45,22,24,1610612744.0,Poole,MISS J. Poole 31' 3PT,rebound,rebound,2,Low
22100152,117,rebound,1,PT03M42.00S,03:42,Q1 03:42,22,24,1610612737.0,Collins,J. Collins REBOUND (Off:0 Def:1),3pt missed,3pt made,2,Low
22100152,118,3pt,1,PT03M36.00S,03:36,Q1 03:36,22,27,1610612737.0,Young,T. Young 28' 3PT running pullup (13 PTS),rebound,turnover,5,Low
22100152,119,turnover,1,PT03M17.00S,03:17,Q1 03:17,22,27,1610612744.0,Bjelica,N. Bjelica lost ball TURNOVER (1 TO),3pt made,steal,5,Low
22100152,120,steal,1,PT03M17.00S,03:17,Q1 03:17,22,27,1610612737.0,Gallinari,D. Gallinari STEAL (1 STL),turnover,2pt missed,5,Low
22100152,121,2pt,1,PT03M14.00S,03:14,Q1 03:14,22,27,1610612737.0,Young,MISS T. Young 17' running pullup Shot,steal,rebound,5,Low
22100152,122,rebound,1,PT03M14.00S,03:14,Q1 03:14,22,27,1610612737.0,,TEAM offensive REBOUND,2pt missed,foul,5,Low
22100152,123,foul,1,PT03M14.00S,03:14,Q1 03:14,22,27,1610612744.0,Bjelica,N. Bjelica loose ball personal FOUL (2 PF) (Collins 2 FT),rebound,freethrow,5,Low
22100152,125,freethrow,1,PT03M14.00S,03:14,Q1 03:14,22,28,1610612737.0,Collins,J. Collins Free Throw 1 of 2 (11 PTS),foul,freethrow,6,Low
22100152,132,freethrow,1,PT03M14.00S,03:14,Q1 03:14,22,29,1610612737.0,Collins,J. Collins Free Throw 2 of 2 (12 PTS),freethrow,substitution,7,Low
22100152,126,substitution,1,PT03M14.00S,03:14,Q1 03:14,22,28,1610612744.0,Poole,SUB out: J. Poole,freethrow,substitution,6,Low
22100152,127,substitution,1,PT03M14.00S,03:14,Q1 03:14,22,28,1610612744.0,Wiggins,SUB out: A. Wiggins,substitution,substitution,6,Low
22100152,128,substitution,1,PT03M14.00S,03:14,Q1 03:14,22,28,1610612744.0,Iguodala,SUB in: A. Iguodala,substitution,substitution,6,Low
22100152,129,substitution,1,PT03M14.00S,03:14,Q1 03:14,22,28,1610612744.0,Curry,SUB in: S. Curry,substitution,substitution,6,Low
22100152,130,substitution,1,PT03M14.00S,03:14,Q1 03:14,22,28,1610612744.0,Green,SUB out: D. Green,substitution,substitution,6,Low
22100152,131,substitution,1,PT03M14.00S,03:14,Q1 03:14,22,28,1610612744.0,Kuminga,SUB in: J. Kuminga,substitution,turnover,6,Low
22100152,133,turnover,1,PT02M55.00S,02:55,Q1 02:55,22,29,1610612744.0,Bjelica,N. Bjelica bad pass out-of-bounds TURNOVER (2 TO),substitution,3pt missed,7,Low
22100152,134,3pt,1,PT02M44.00S,02:44,Q1 02:44,22,29,1610612737.0,Young,MISS T. Young 32' step back 3PT,turnover,rebound,7,Low
22100152,135,rebound,1,PT02M39.00S,02:39,Q1 02:39,22,29,1610612744.0,Curry,S. Curry REBOUND (Off:2 Def:1),3pt missed,3pt missed,7,Low
22100152,136,3pt,1,PT02M35.00S,02:35,Q1 02:35,22,29,1610612744.0,Curry,MISS S. Curry 29' step back 3PT,rebound,rebound,7,Low
22100152,137,rebound,1,PT02M33.00S,02:33,Q1 02:33,22,29,1610612737.0,Huerter,K. Huerter REBOUND (Off:0 Def:1),3pt missed,2pt missed,7,Low
22100152,139,2pt,1,PT02M22.00S,02:22,Q1 02:22,22,29,1610612737.0,Young,MISS T. Young running Layup,rebound,rebound,7,Low
22100152,141,rebound,1,PT02M20.00S,02:20,Q1 02:20,22,29,1610612744.0,Payton II,G. Payton II REBOUND (Off:0 Def:1),2pt missed,2pt made,7,Low
22100152,142,2pt,1,PT02M15.00S,02:15,Q1 02:15,24,29,1610612744.0,Bjelica,N. Bjelica driving Layup (2 PTS) (A. Iguodala 1 AST),rebound,3pt made,5,Low
22100152,143,3pt,1,PT01M57.00S,01:57,Q1 01:57,24,32,1610612737.0,Huerter,K. Huerter 26' 3PT  (3 PTS),2pt made,2pt made,8,Low
22100152,144,2pt,1,PT01M46.00S,01:46,Q1 01:46,26,32,1610612744.0,Payton II,G. Payton II running finger roll Layup (2 PTS) (S. Curry 2 AST),3pt made,3pt missed,6,Low
22100152,146,3pt,1,PT01M28.00S,01:28,Q1 01:28,26,32,1610612737.0,Gallinari,MISS D. Gallinari 3PT,2pt made,rebound,6,Low
22100152,147,rebound,1,PT01M25.00S,01:25,Q1 01:25,26,32,1610612744.0,Kuminga,J. Kuminga REBOUND (Off:0 Def:1),3pt missed,foul,6,Low
22100152,148,foul,1,PT01M20.00S,01:20,Q1 01:20,26,32,1610612737.0,Reddish,C. Reddish shooting personal FOUL (1 PF) (Kuminga 2 FT),rebound,freethrow,6,Low
22100152,151,freethrow,1,PT01M20.00S,01:20,Q1 01:20,27,32,1610612744.0,Kuminga,J. Kuminga Free Throw 1 of 2 (1 PTS),foul,freethrow,5,Low
22100152,156,freethrow,1,PT01M20.00S,01:20,Q1 01:20,27,32,1610612744.0,Kuminga,MISS J. Kuminga Free Throw 2 of 2,freethrow,substitution,5,Low
22100152,152,substitution,1,PT01M20.00S,01:20,Q1 01:20,27,32,1610612737.0,Young,SUB out: T. Young,freethrow,substitution,5,Low
22100152,153,substitution,1,PT01M20.00S,01:20,Q1 01:20,27,32,1610612737.0,Collins,SUB out: J. Collins,substitution,substitution,5,Low
22100152,154,substitution,1,PT01M20.00S,01:20,Q1 01:20,27,32,1610612737.0,Wright,SUB in: D. Wright,substitution,substitution,5,Low
22100152,155,substitution,1,PT01M20.00S,01:20,Q1 01:20,27,32,1610612737.0,Hill,SUB in: S. Hill,substitution,rebound,5,Low
22100152,157,rebound,1,PT01M16.00S,01:16,Q1 01:16,27,32,1610612737.0,Huerter,K. Huerter REBOUND (Off:0 Def:2),substitution,turnover,5,Low
22100152,158,turnover,1,PT01M00.00S,01:00,Q1 01:00,27,32,1610612737.0,Reddish,C. Reddish lost ball TURNOVER (1 TO),rebound,steal,5,Low
22100152,159,steal,1,PT01M00.00S,01:00,Q1 01:00,27,32,1610612744.0,Bjelica,N. Bjelica STEAL (1 STL),turnover,2pt missed,5,Low
22100152,160,2pt,1,PT00M56.80S,00:56,Q1 00:56,27,32,1610612744.0,Kuminga,MISS J. Kuminga running Layup,steal,rebound,5,Low
22100152,161,rebound,1,PT00M54.80S,00:54,Q1 00:54,27,32,1610612737.0,Huerter,K. Huerter REBOUND (Off:0 Def:3),2pt missed,turnover,5,Low
22100152,274,turnover,1,PT00M54.60S,00:54,Q1 00:54,27,32,1610612737.0,Huerter,K. Huerter lost ball TURNOVER (1 TO),rebound,steal,5,Low
22100152,275,steal,1,PT00M54.60S,00:54,Q1 00:54,27,32,1610612744.0,Payton II,G. Payton II STEAL (1 STL),turnover,3pt made,5,Low
22100152,162,3pt,1,PT00M51.80S,00:51,Q1 00:51,30,32,1610612744.0,Curry,S. Curry 28' 3PT  (16 PTS),steal,3pt missed,2,Low
22100152,163,3pt,1,PT00M35.70S,00:35,Q1 00:35,30,32,1610612737.0,Reddish,MISS C. Reddish 30' 3PT,3pt made,rebound,2,Low
22100152,164,rebound,1,PT00M32.40S,00:32,Q1 00:32,30,32,1610612744.0,,TEAM defensive REBOUND,3pt missed,turnover,2,Low
22100152,166,turnover,1,PT00M15.60S,00:15,Q1 00:15,30,32,1610612744.0,Kuminga,J. Kuminga lost ball TURNOVER (1 TO),rebound,steal,2,Low
22100152,167,steal,1,PT00M15.60S,00:15,Q1 00:15,30,32,1610612737.0,Wright,D. Wright STEAL (1 STL),turnover,foul,2,Low
22100152,168,foul,1,PT00M15.60S,00:15,Q1 00:15,30,32,1610612744.0,Kuminga,J. Kuminga personal FOUL (1 PF) (Wright 2 FT),steal,freethrow,2,Low
22100152,170,freethrow,1,PT00M15.60S,00:15,Q1 00:15,30,33,1610612737.0,Wright,D. Wright Free Throw 1 of 2 (1 PTS),foul,freethrow,3,Low
22100152,175,freethrow,1,PT00M15.60S,00:15,Q1 00:15,30,34,1610612737.0,Wright,D. Wright Free Throw 2 of 2 (2 PTS),freethrow,substitution,4,Low
22100152,171,substitution,1,PT00M15.60S,00:15,Q1 00:15,30,33,1610612744.0,Payton II,SUB out: G. Payton II,freethrow,substitution,3,Low
22100152,172,substitution,1,PT00M15.60S,00:15,Q1 00:15,30,33,1610612744.0,Kuminga,SUB out: J. Kuminga,substitution,substitution,3,Low
22100152,173,substitution,1,PT00M15.60S,00:15,Q1 00:15,30,33,1610612744.0,Poole,SUB in: J. Poole,substitution,substitution,3,Low
22100152,174,substitution,1,PT00M15.60S,00:15,Q1 00:15,30,33,1610612744.0,Lee,SUB in: D. Lee,substitution,foul,3,Low
22100152,176,foul,1,PT00M00.50S,00:00,Q1 00:00,30,34,1610612737.0,Reddish,C. Reddish shooting personal FOUL (2 PF) (Bjelica 2 FT),substitution,freethrow,4,Low
22100152,178,freethrow,1,PT00M00.50S,00:00,Q1 00:00,31,34,1610612744.0,Bjelica,N. Bjelica Free Throw 1 of 2 (3 PTS),foul,freethrow,3,Low
22100152,181,freethrow,1,PT00M00.50S,00:00,Q1 00:00,32,34,1610612744.0,Bjelica,N. Bjelica Free Throw 2 of 2 (4 PTS),freethrow,substitution,2,Low
22100152,179,substitution,1,PT00M00.50S,00:00,Q1 00:00,31,34,1610612744.0,Curry,SUB out: S. Curry,freethrow,substitution,3,Low
22100152,180,substitution,1,PT00M00.50S,00:00,Q1 00:00,31,34,1610612744.0,Payton II,SUB in: G. Payton II,substitution,substitution,3,Low
22100152,186,substitution,2,PT12M00.00S,12:00,Q2 12:00,32,34,1610612744.0,Bjelica,SUB out: N. Bjelica,substitution,substitution,2,Low
22100152,187,substitution,2,PT12M00.00S,12:00,Q2 12:00,32,34,1610612744.0,Payton II,SUB out: G. Payton II,substitution,substitution,2,Low
22100152,188,substitution,2,PT12M00.00S,12:00,Q2 12:00,32,34,1610612744.0,Curry,SUB in: S. Curry,substitution,substitution,2,Low
22100152,189,substitution,2,PT12M00.00S,12:00,Q2 12:00,32,34,1610612744.0,Toscano-Anderson,SUB in: J. Toscano-Anderson,substitution,2pt made,2,Low
22100152,191,2pt,2,PT11M42.00S,11:42,Q2 11:42,32,36,1610612737.0,Gallinari,D. Gallinari Layup (2 PTS) (K. Huerter 1 AST),substitution,3pt missed,4,Low
22100152,193,3pt,2,PT11M15.00S,11:15,Q2 11:15,32,36,1610612744.0,Poole,MISS J. Poole 29' 3PT,2pt made,rebound,4,Low
22100152,194,rebound,2,PT11M13.00S,11:13,Q2 11:13,32,36,1610612737.0,Reddish,C. Reddish REBOUND (Off:0 Def:1),3pt missed,3pt missed,4,Low
22100152,195,3pt,2,PT11M04.00S,11:04,Q2 11:04,32,36,1610612737.0,Reddish,MISS C. Reddish 29' step back 3PT,rebound,rebound,4,Low
22100152,196,rebound,2,PT11M02.00S,11:02,Q2 11:02,32,36,1610612737.0,Wright,D. Wright REBOUND (Off:1 Def:0),3pt missed,3pt made,4,Low
22100152,197,3pt,2,PT10M58.00S,10:58,Q2 10:58,32,39,1610612737.0,Huerter,K. Huerter 27' 3PT  (6 PTS) (D. Wright 1 AST),rebound,3pt missed,7,Low
22100152,199,3pt,2,PT10M43.00S,10:43,Q2 10:43,32,39,1610612744.0,Curry,MISS S. Curry 3PT,3pt made,rebound,7,Low
22100152,200,rebound,2,PT10M41.00S,10:41,Q2 10:41,32,39,1610612737.0,Wright,D. Wright REBOUND (Off:1 Def:1),3pt missed,2pt missed,7,Low
22100152,201,2pt,2,PT10M28.00S,10:28,Q2 10:28,32,39,1610612737.0,Hill,MISS S. Hill cutting Layup,rebound,rebound,7,Low
22100152,202,rebound,2,PT10M26.00S,10:26,Q2 10:26,32,39,1610612737.0,Wright,D. Wright REBOUND (Off:2 Def:1),2pt missed,foul,7,Low
22100152,203,foul,2,PT10M26.00S,10:26,Q2 10:26,32,39,1610612744.0,Poole,J. Poole personal FOUL (1 PF),rebound,foul,7,Low
22100152,205,foul,2,PT10M15.00S,10:15,Q2 10:15,32,39,1610612744.0,Toscano-Anderson,J. Toscano-Anderson shooting personal FOUL (1 PF) (Gallinari 2 FT),foul,freethrow,7,Low
22100152,207,freethrow,2,PT10M15.00S,10:15,Q2 10:15,32,40,1610612737.0,Gallinari,D. Gallinari Free Throw 1 of 2 (3 PTS),foul,freethrow,8,Low
22100152,208,freethrow,2,PT10M15.00S,10:15,Q2 10:15,32,41,1610612737.0,Gallinari,D. Gallinari Free Throw 2 of 2 (4 PTS),freethrow,2pt missed,9,Low
22100152,209,2pt,2,PT09M54.00S,09:54,Q2 09:54,32,41,1610612744.0,Curry,MISS S. Curry 12' driving floating Shot,freethrow,rebound,9,Low
22100152,210,rebound,2,PT09M52.00S,09:52,Q2 09:52,32,41,1610612737.0,Wright,D. Wright REBOUND (Off:2 Def:2),2pt missed,foul,9,Low
22100152,211,foul,2,PT09M43.00S,09:43,Q2 09:43,32,41,1610612744.0,Iguodala,A. Iguodala shooting personal FOUL (1 PF) (Wright 2 FT),rebound,freethrow,9,Low
22100152,213,freethrow,2,PT09M43.00S,09:43,Q2 09:43,32,42,1610612737.0,Wright,D. Wright Free Throw 1 of 2 (3 PTS),foul,freethrow,10,Low
22100152,214,freethrow,2,PT09M43.00S,09:43,Q2 09:43,32,43,1610612737.0,Wright,D. Wright Free Throw 2 of 2 (4 PTS),freethrow,3pt made,11,Low
22100152,215,3pt,2,PT09M23.00S,09:23,Q2 09:23,35,43,1610612744.0,Toscano-Anderson,J. Toscano-Anderson 3PT  (3 PTS) (D. Lee 1 AST),freethrow,2pt made,8,Low
22100152,217,2pt,2,PT09M05.00S,09:05,Q2 09:05,35,45,1610612737.0,Huerter,K. Huerter 19' pullup Jump Shot (8 PTS),3pt made,3pt missed,10,Low
22100152,218,3pt,2,PT08M53.00S,08:53,Q2 08:53,35,45,1610612744.0,Iguodala,MISS A. Iguodala 27' 3PT,2pt made,rebound,10,Low
22100152,219,rebound,2,PT08M51.00S,08:51,Q2 08:51,35,45,1610612737.0,Hill,S. Hill REBOUND (Off:0 Def:1),3pt missed,turnover,10,Low
22100152,220,turnover,2,PT08M31.00S,08:31,Q2 08:31,35,45,1610612737.0,Gallinari,D. Gallinari lost ball TURNOVER (1 TO),rebound,steal,10,Low
22100152,221,steal,2,PT08M31.00S,08:31,Q2 08:31,35,45,1610612744.0,Poole,J. Poole STEAL (1 STL),turnover,foul,10,Low
22100152,222,foul,2,PT08M30.00S,08:30,Q2 08:30,35,45,1610612737.0,Wright,D. Wright take personal FOUL (1 PF),steal,2pt made,10,Low
22100152,224,2pt,2,PT08M14.00S,08:14,Q2 08:14,37,45,1610612744.0,Iguodala,A. Iguodala DUNK (2 PTS) (J. Poole 1 AST),foul,3pt missed,8,Low
22100152,226,3pt,2,PT08M02.00S,08:02,Q2 08:02,37,45,1610612737.0,Huerter,MISS K. Huerter 28' 3PT,2pt made,rebound,8,Low
22100152,227,rebound,2,PT07M59.00S,07:59,Q2 07:59,37,45,1610612744.0,Toscano-Anderson,J. Toscano-Anderson REBOUND (Off:0 Def:1),3pt missed,2pt made,8,Low
22100152,228,2pt,2,PT07M51.00S,07:51,Q2 07:51,39,45,1610612744.0,Lee,D. Lee driving Layup (2 PTS),rebound,timeout,6,Low
22100152,229,timeout,2,PT07M45.00S,07:45,Q2 07:45,39,45,1610612737.0,,ATL Timeout,2pt made,substitution,6,Low
22100152,230,substitution,2,PT07M45.00S,07:45,Q2 07:45,39,45,1610612744.0,Curry,SUB out: S. Curry,timeout,substitution,6,Low
22100152,231,substitution,2,PT07M45.00S,07:45,Q2 07:45,39,45,1610612744.0,Toscano-Anderson,SUB out: J. Toscano-Anderson,substitution,substitution,6,Low
22100152,232,substitution,2,PT07M45.00S,07:45,Q2 07:45,39,45,1610612737.0,Hill,SUB out: S. Hill,substitution,substitution,6,Low
22100152,233,substitution,2,PT07M45.00S,07:45,Q2 07:45,39,45,1610612737.0,Reddish,SUB out: C. Reddish,substitution,substitution,6,Low
22100152,234,substitution,2,PT07M45.00S,07:45,Q2 07:45,39,45,1610612744.0,Wiggins,SUB in: A. Wiggins,substitution,substitution,6,Low
22100152,235,substitution,2,PT07M45.00S,07:45,Q2 07:45,39,45,1610612744.0,Green,SUB in: D. Green,substitution,substitution,6,Low
22100152,236,substitution,2,PT07M45.00S,07:45,Q2 07:45,39,45,1610612737.0,Hunter,SUB in: D. Hunter,substitution,substitution,6,Low
22100152,237,substitution,2,PT07M45.00S,07:45,Q2 07:45,39,45,1610612737.0,Collins,SUB in: J. Collins,substitution,2pt made,6,Low
22100152,238,2pt,2,PT07M35.00S,07:35,Q2 07:35,39,47,1610612737.0,Collins,J. Collins turnaround Jump Shot (14 PTS) (K. Huerter 2 AST),substitution,foul,8,Low
22100152,240,foul,2,PT07M32.00S,07:32,Q2 07:32,39,47,1610612737.0,Collins,J. Collins technical FOUL (1 Tech),2pt made,freethrow,8,Low
22100152,241,freethrow,2,PT07M32.00S,07:32,Q2 07:32,40,47,1610612744.0,Poole,J. Poole technical Free Throw 1 of 1 (4 PTS),foul,substitution,7,Low
22100152,242,substitution,2,PT07M32.00S,07:32,Q2 07:32,40,47,1610612737.0,Wright,SUB out: D. Wright,freethrow,substitution,7,Low
22100152,243,substitution,2,PT07M32.00S,07:32,Q2 07:32,40,47,1610612737.0,Huerter,SUB out: K. Huerter,substitution,substitution,7,Low
22100152,244,substitution,2,PT07M32.00S,07:32,Q2 07:32,40,47,1610612737.0,Bogdanovic,SUB in: B. Bogdanovic,substitution,substitution,7,Low
22100152,245,substitution,2,PT07M32.00S,07:32,Q2 07:32,40,47,1610612737.0,Young,SUB in: T. Young,substitution,2pt missed,7,Low
22100152,246,2pt,2,PT07M22.00S,07:22,Q2 07:22,40,47,1610612744.0,Poole,MISS J. Poole 14' driving floating Shot,substitution,rebound,7,Low
22100152,247,rebound,2,PT07M20.00S,07:20,Q2 07:20,40,47,1610612737.0,Young,T. Young REBOUND (Off:0 Def:1),2pt missed,2pt made,7,Low
22100152,248,2pt,2,PT07M08.00S,07:08,Q2 07:08,40,49,1610612737.0,Collins,J. Collins 7' turnaround Hook (16 PTS) (T. Young 4 AST),rebound,3pt missed,9,Low
22100152,250,3pt,2,PT06M53.00S,06:53,Q2 06:53,40,49,1610612744.0,Iguodala,MISS A. Iguodala 27' 3PT,2pt made,rebound,9,Low
22100152,251,rebound,2,PT06M52.00S,06:52,Q2 06:52,40,49,1610612737.0,,TEAM defensive REBOUND,3pt missed,substitution,9,Low
22100152,252,substitution,2,PT06M52.00S,06:52,Q2 06:52,40,49,1610612737.0,Gallinari,SUB out: D. Gallinari,rebound,substitution,9,Low
22100152,253,substitution,2,PT06M52.00S,06:52,Q2 06:52,40,49,1610612737.0,Capela,SUB in: C. Capela,substitution,3pt made,9,Low
22100152,254,3pt,2,PT06M35.00S,06:35,Q2 06:35,40,52,1610612737.0,Bogdanovic,B. Bogdanovic 3PT  (7 PTS) (T. Young 5 AST),substitution,2pt missed,12,Low
22100152,256,2pt,2,PT06M07.00S,06:07,Q2 06:07,40,52,1610612744.0,Green,MISS D. Green Layup - blocked,3pt made,block,12,Low
22100152,265,block,2,PT06M07.00S,06:07,Q2 06:07,40,52,1610612737.0,Capela,C. Capela BLOCK (1 BLK),2pt missed,rebound,12,Low
22100152,257,rebound,2,PT06M06.00S,06:06,Q2 06:06,40,52,1610612744.0,,TEAM offensive REBOUND,block,turnover,12,Low
22100152,258,turnover,2,PT06M06.00S,06:06,Q2 06:06,40,52,1610612744.0,,GSW shot clock Team TURNOVER,rebound,substitution,12,Low
22100152,259,substitution,2,PT06M06.00S,06:06,Q2 06:06,40,52,1610612744.0,Iguodala,SUB out: A. Iguodala,turnover,substitution,12,Low
22100152,260,substitution,2,PT06M06.00S,06:06,Q2 06:06,40,52,1610612744.0,Looney,SUB in: K. Looney,substitution,2pt missed,12,Low
22100152,262,2pt,2,PT05M53.00S,05:53,Q2 05:53,40,52,1610612737.0,Capela,MISS C. Capela DUNK - blocked,substitution,block,12,Low
22100152,264,block,2,PT05M53.00S,05:53,Q2 05:53,40,52,1610612744.0,Lee,D. Lee BLOCK (1 BLK),2pt missed,rebound,12,Low
22100152,263,rebound,2,PT05M53.00S,05:53,Q2 05:53,40,52,1610612737.0,,TEAM offensive REBOUND,block,3pt made,12,Low
22100152,266,3pt,2,PT05M46.00S,05:46,Q2 05:46,40,55,1610612737.0,Bogdanovic,B. Bogdanovic 3PT  (10 PTS) (T. Young 6 AST),rebound,timeout,15,Low
22100152,268,timeout,2,PT05M44.00S,05:44,Q2 05:44,40,55,1610612744.0,,GSW Timeout,3pt made,2pt made,15,Low
22100152,269,2pt,2,PT05M30.00S,05:30,Q2 05:30,42,55,1610612744.0,Lee,D. Lee 17' pullup Jump Shot (4 PTS),timeout,2pt made,13,Low
22100152,271,2pt,2,PT05M06.00S,05:06,Q2 05:06,42,57,1610612737.0,Young,T. Young 6' driving finger roll Layup (15 PTS),2pt made,2pt missed,15,Low
22100152,272,2pt,2,PT04M53.00S,04:53,Q2 04:53,42,57,1610612744.0,Wiggins,MISS A. Wiggins 8' turnaround Shot,2pt made,rebound,15,Low
22100152,273,rebound,2,PT04M48.00S,04:48,Q2 04:48,42,57,1610612737.0,Capela,C. Capela REBOUND (Off:1 Def:2),2pt missed,2pt missed,15,Low
22100152,276,2pt,2,PT04M37.00S,04:37,Q2 04:37,42,57,1610612737.0,Capela,MISS C. Capela cutting Layup,rebound,rebound,15,Low
22100152,277,rebound,2,PT04M34.00S,04:34,Q2 04:34,42,57,1610612744.0,Looney,K. Looney REBOUND (Off:1 Def:2),2pt missed,foul,15,Low
22100152,278,foul,2,PT04M34.00S,04:34,Q2 04:34,42,57,1610612737.0,Young,T. Young take personal FOUL (1 PF),rebound,substitution,15,Low
22100152,280,substitution,2,PT04M34.00S,04:34,Q2 04:34,42,57,1610612737.0,Collins,SUB out: J. Collins,foul,substitution,15,Low
22100152,281,substitution,2,PT04M34.00S,04:34,Q2 04:34,42,57,1610612737.0,Gallinari,SUB in: D. Gallinari,substitution,2pt missed,15,Low
22100152,282,2pt,2,PT04M31.00S,04:31,Q2 04:31,42,57,1610612744.0,Poole,MISS J. Poole 9' driving floating Shot,substitution,rebound,15,Low
22100152,283,rebound,2,PT04M29.00S,04:29,Q2 04:29,42,57,1610612744.0,Green,D. Green REBOUND (Off:3 Def:1),2pt missed,2pt missed,15,Low
22100152,284,2pt,2,PT04M27.00S,04:27,Q2 04:27,42,57,1610612744.0,Green,MISS D. Green tip Layup,rebound,rebound,15,Low
22100152,285,rebound,2,PT04M27.00S,04:27,Q2 04:27,42,57,1610612744.0,,TEAM offensive REBOUND,2pt missed,2pt missed,15,Low
22100152,286,2pt,2,PT04M20.00S,04:20,Q2 04:20,42,57,1610612744.0,Lee,MISS D. Lee 13' pullup Shot - blocked,rebound,block,15,Low
22100152,287,block,2,PT04M20.00S,04:20,Q2 04:20,42,57,1610612737.0,Bogdanovic,B. Bogdanovic BLOCK (1 BLK),2pt missed,rebound,15,Low
22100152,288,rebound,2,PT04M19.00S,04:19,Q2 04:19,42,57,1610612744.0,,TEAM offensive REBOUND,block,2pt made,15,Low
22100152,290,2pt,2,PT04M17.00S,04:17,Q2 04:17,44,57,1610612744.0,Wiggins,A. Wiggins turnaround Hook (8 PTS) (D. Green 2 AST),rebound,2pt made,13,Low
22100152,292,2pt,2,PT03M59.00S,03:59,Q2 03:59,44,59,1610612737.0,Young,T. Young 13' driving floating Jump Shot (17 PTS),2pt made,2pt made,15,Low
22100152,293,2pt,2,PT03M48.00S,03:48,Q2 03:48,46,59,1610612744.0,Wiggins,A. Wiggins alley-oop DUNK (10 PTS) (D. Green 3 AST),2pt made,foul,13,Low
22100152,295,foul,2,PT03M33.00S,03:33,Q2 03:33,46,59,1610612744.0,Green,D. Green personal FOUL (1 PF),2pt made,substitution,13,Low
22100152,297,substitution,2,PT03M33.00S,03:33,Q2 03:33,46,59,1610612744.0,Lee,SUB out: D. Lee,foul,substitution,13,Low
22100152,298,substitution,2,PT03M33.00S,03:33,Q2 03:33,46,59,1610612744.0,Poole,SUB out: J. Poole,substitution,substitution,13,Low
22100152,299,substitution,2,PT03M33.00S,03:33,Q2 03:33,46,59,1610612737.0,Hunter,SUB out: D. Hunter,substitution,substitution,13,Low
22100152,300,substitution,2,PT03M33.00S,03:33,Q2 03:33,46,59,1610612744.0,Curry,SUB in: S. Curry,substitution,substitution,13,Low
22100152,301,substitution,2,PT03M33.00S,03:33,Q2 03:33,46,59,1610612744.0,Payton II,SUB in: G. Payton II,substitution,substitution,13,Low
22100152,302,substitution,2,PT03M33.00S,03:33,Q2 03:33,46,59,1610612737.0,Huerter,SUB in: K. Huerter,substitution,2pt missed,13,Low
22100152,303,2pt,2,PT03M26.00S,03:26,Q2 03:26,46,59,1610612737.0,Bogdanovic,MISS B. Bogdanovic 16' step back Shot,substitution,rebound,13,Low
22100152,304,rebound,2,PT03M23.00S,03:23,Q2 03:23,46,59,1610612744.0,Curry,S. Curry REBOUND (Off:2 Def:2),2pt missed,3pt made,13,Low
22100152,306,3pt,2,PT03M09.00S,03:09,Q2 03:09,49,59,1610612744.0,Curry,S. Curry 3PT  (19 PTS) (D. Green 4 AST),rebound,3pt missed,10,Low
22100152,308,3pt,2,PT02M44.00S,02:44,Q2 02:44,49,59,1610612737.0,Young,MISS T. Young 31' pullup 3PT,3pt made,rebound,10,Low
22100152,309,rebound,2,PT02M41.00S,02:41,Q2 02:41,49,59,1610612744.0,Green,D. Green REBOUND (Off:3 Def:2),3pt missed,foul,10,Low
22100152,310,foul,2,PT02M39.00S,02:39,Q2 02:39,49,59,1610612744.0,Payton II,G. Payton II offensive FOUL (2 PF),rebound,turnover,10,Low
22100152,312,turnover,2,PT02M39.00S,02:39,Q2 02:39,49,59,1610612744.0,Payton II,G. Payton II offensive foul TURNOVER (1 TO),foul,foul,10,Low
22100152,313,foul,2,PT02M28.00S,02:28,Q2 02:28,49,59,1610612744.0,Looney,K. Looney personal FOUL (3 PF) (Young 2 FT),turnover,freethrow,10,Low
22100152,315,freethrow,2,PT02M28.00S,02:28,Q2 02:28,49,60,1610612737.0,Young,T. Young Free Throw 1 of 2 (18 PTS),foul,freethrow,11,Low
22100152,320,freethrow,2,PT02M28.00S,02:28,Q2 02:28,49,61,1610612737.0,Young,T. Young Free Throw 2 of 2 (19 PTS),freethrow,substitution,12,Low
22100152,316,substitution,2,PT02M28.00S,02:28,Q2 02:28,49,60,1610612744.0,Looney,SUB out: K. Looney,freethrow,substitution,11,Low
22100152,317,substitution,2,PT02M28.00S,02:28,Q2 02:28,49,60,1610612744.0,Bjelica,SUB in: N. Bjelica,substitution,substitution,11,Low
22100152,318,substitution,2,PT02M28.00S,02:28,Q2 02:28,49,60,1610612737.0,Capela,SUB out: C. Capela,substitution,substitution,11,Low
22100152,319,substitution,2,PT02M28.00S,02:28,Q2 02:28,49,60,1610612737.0,Collins,SUB in: J. Collins,substitution,2pt made,11,Low
22100152,321,2pt,2,PT02M15.00S,02:15,Q2 02:15,51,61,1610612744.0,Green,D. Green cutting Layup (2 PTS) (S. Curry 3 AST),substitution,3pt missed,10,Low
22100152,323,3pt,2,PT01M54.00S,01:54,Q2 01:54,51,61,1610612737.0,Huerter,MISS K. Huerter 26' 3PT,2pt made,rebound,10,Low
22100152,324,rebound,2,PT01M51.00S,01:51,Q2 01:51,51,61,1610612744.0,Payton II,G. Payton II REBOUND (Off:0 Def:2),3pt missed,3pt made,10,Low
22100152,325,3pt,2,PT01M40.00S,01:40,Q2 01:40,54,61,1610612744.0,Bjelica,N. Bjelica 29' 3PT  (7 PTS) (S. Curry 4 AST),rebound,turnover,7,Low
22100152,327,turnover,2,PT01M16.00S,01:16,Q2 01:16,54,61,1610612737.0,Gallinari,D. Gallinari lost ball TURNOVER (2 TO),3pt made,steal,7,Low
22100152,328,steal,2,PT01M16.00S,01:16,Q2 01:16,54,61,1610612744.0,Payton II,G. Payton II STEAL (2 STL),turnover,2pt missed,7,Low
22100152,329,2pt,2,PT01M07.00S,01:07,Q2 01:07,54,61,1610612744.0,Wiggins,MISS A. Wiggins 8' turnaround fadeaway Shot,steal,rebound,7,Low
22100152,330,rebound,2,PT01M05.00S,01:05,Q2 01:05,54,61,1610612737.0,Gallinari,D. Gallinari REBOUND (Off:0 Def:1),2pt missed,2pt made,7,Low
22100152,331,2pt,2,PT00M58.50S,00:58,Q2 00:58,54,63,1610612737.0,Young,T. Young driving finger roll Layup (21 PTS),rebound,2pt made,9,Low
22100152,332,2pt,2,PT00M51.30S,00:51,Q2 00:51,56,63,1610612744.0,Green,D. Green cutting DUNK (4 PTS) (G. Payton II 1 AST),2pt made,3pt missed,7,Low
22100152,334,3pt,2,PT00M38.20S,00:38,Q2 00:38,56,63,1610612737.0,Young,MISS T. Young 26' pullup 3PT,2pt made,rebound,7,Low
22100152,335,rebound,2,PT00M34.80S,00:34,Q2 00:34,56,63,1610612744.0,,TEAM defensive REBOUND,3pt missed,foul,7,Low
22100152,337,foul,2,PT00M31.80S,00:31,Q2 00:31,56,63,1610612737.0,Huerter,K. Huerter shooting personal FOUL (2 PF) (Curry 2 FT),rebound,freethrow,7,Low
22100152,339,freethrow,2,PT00M31.80S,00:31,Q2 00:31,57,63,1610612744.0,Curry,S. Curry Free Throw 1 of 2 (20 PTS),foul,freethrow,6,Low
22100152,342,freethrow,2,PT00M31.80S,00:31,Q2 00:31,58,63,1610612744.0,Curry,S. Curry Free Throw 2 of 2 (21 PTS),freethrow,substitution,5,Low
22100152,340,substitution,2,PT00M31.80S,00:31,Q2 00:31,57,63,1610612744.0,Bjelica,SUB out: N. Bjelica,freethrow,substitution,6,Low
22100152,341,substitution,2,PT00M31.80S,00:31,Q2 00:31,57,63,1610612744.0,Toscano-Anderson,SUB in: J. Toscano-Anderson,substitution,2pt made,6,Low
22100152,343,2pt,2,PT00M13.40S,00:13,Q2 00:13,58,65,1610612737.0,Collins,J. Collins cutting DUNK (18 PTS) (T. Young 7 AST),substitution,3pt made,7,Low
22100152,345,3pt,2,PT00M03.50S,00:03,Q2 00:03,61,65,1610612744.0,Curry,S. Curry 30' 3PT step back (24 PTS),2pt made,3pt missed,4,Low
22100152,346,3pt,2,PT00M00.80S,00:00,Q2 00:00,61,65,1610612737.0,Bogdanovic,MISS B. Bogdanovic 49' running 3PT,3pt made,rebound,4,Low
22100152,347,rebound,2,PT00M00.10S,00:00,Q2 00:00,61,65,1610612737.0,,TEAM offensive REBOUND,3pt missed,substitution,4,Low
22100152,349,substitution,3,PT12M00.00S,12:00,Q3 12:00,61,65,1610612744.0,Payton II,SUB out: G. Payton II,rebound,substitution,4,Low
22100152,350,substitution,3,PT12M00.00S,12:00,Q3 12:00,61,65,1610612744.0,Toscano-Anderson,SUB out: J. Toscano-Anderson,substitution,substitution,4,Low
22100152,351,substitution,3,PT12M00.00S,12:00,Q3 12:00,61,65,1610612737.0,Huerter,SUB out: K. Huerter,substitution,substitution,4,Low
22100152,352,substitution,3,PT12M00.00S,12:00,Q3 12:00,61,65,1610612737.0,Gallinari,SUB out: D. Gallinari,substitution,substitution,4,Low
22100152,353,substitution,3,PT12M00.00S,12:00,Q3 12:00,61,65,1610612744.0,Poole,SUB in: J. Poole,substitution,substitution,4,Low
22100152,354,substitution,3,PT12M00.00S,12:00,Q3 12:00,61,65,1610612744.0,Looney,SUB in: K. Looney,substitution,substitution,4,Low
22100152,355,substitution,3,PT12M00.00S,12:00,Q3 12:00,61,65,1610612737.0,Hunter,SUB in: D. Hunter,substitution,substitution,4,Low
22100152,356,substitution,3,PT12M00.00S,12:00,Q3 12:00,61,65,1610612737.0,Capela,SUB in: C. Capela,substitution,2pt missed,4,Low
22100152,358,2pt,3,PT11M46.00S,11:46,Q3 11:46,61,65,1610612737.0,Hunter,MISS D. Hunter 20' Jump Shot,substitution,rebound,4,Low
22100152,359,rebound,3,PT11M44.00S,11:44,Q3 11:44,61,65,1610612744.0,Poole,J. Poole REBOUND (Off:0 Def:1),2pt missed,3pt missed,4,Low
22100152,360,3pt,3,PT11M29.00S,11:29,Q3 11:29,61,65,1610612744.0,Poole,MISS J. Poole 3PT,rebound,rebound,4,Low
22100152,361,rebound,3,PT11M26.00S,11:26,Q3 11:26,61,65,1610612737.0,Capela,C. Capela REBOUND (Off:1 Def:3),3pt missed,2pt made,4,Low
22100152,362,2pt,3,PT11M19.00S,11:19,Q3 11:19,61,67,1610612737.0,Young,T. Young 11' driving floating Jump Shot (23 PTS),rebound,3pt missed,6,Low
22100152,363,3pt,3,PT11M06.00S,11:06,Q3 11:06,61,67,1610612744.0,Curry,MISS S. Curry 31' pullup 3PT,2pt made,rebound,6,Low
22100152,364,rebound,3,PT11M04.00S,11:04,Q3 11:04,61,67,1610612737.0,Collins,J. Collins REBOUND (Off:0 Def:2),3pt missed,turnover,6,Low
22100152,365,turnover,3,PT10M49.00S,10:49,Q3 10:49,61,67,1610612737.0,Young,T. Young bad pass TURNOVER (2 TO),rebound,steal,6,Low
22100152,366,steal,3,PT10M49.00S,10:49,Q3 10:49,61,67,1610612744.0,Wiggins,A. Wiggins STEAL (1 STL),turnover,3pt made,6,Low
22100152,367,3pt,3,PT10M43.00S,10:43,Q3 10:43,64,67,1610612744.0,Poole,J. Poole 27' 3PT running pullup (7 PTS) (S. Curry 5 AST),steal,2pt missed,3,Low
22100152,369,2pt,3,PT10M23.00S,10:23,Q3 10:23,64,67,1610612737.0,Capela,MISS C. Capela Layup,3pt made,rebound,3,Low
22100152,370,rebound,3,PT10M21.00S,10:21,Q3 10:21,64,67,1610612744.0,Curry,S. Curry REBOUND (Off:2 Def:3),2pt missed,turnover,3,Low
22100152,371,turnover,3,PT10M17.00S,10:17,Q3 10:17,64,67,1610612744.0,Curry,S. Curry lost ball out-of-bounds TURNOVER (1 TO),rebound,2pt made,3,Low
22100152,372,2pt,3,PT10M07.00S,10:07,Q3 10:07,64,69,1610612737.0,Bogdanovic,B. Bogdanovic cutting Layup (12 PTS) (T. Young 8 AST),turnover,3pt made,5,Low
22100152,374,3pt,3,PT09M49.00S,09:49,Q3 09:49,67,69,1610612744.0,Wiggins,A. Wiggins 3PT  (13 PTS) (S. Curry 6 AST),2pt made,3pt missed,2,Low
22100152,376,3pt,3,PT09M42.00S,09:42,Q3 09:42,67,69,1610612737.0,Bogdanovic,MISS B. Bogdanovic 26' running 3PT,3pt made,rebound,2,Low
22100152,377,rebound,3,PT09M40.00S,09:40,Q3 09:40,67,69,1610612744.0,Looney,K. Looney REBOUND (Off:1 Def:3),3pt missed,turnover,2,Low
22100152,378,turnover,3,PT09M34.00S,09:34,Q3 09:34,67,69,1610612744.0,Wiggins,A. Wiggins lost ball TURNOVER (1 TO),rebound,steal,2,Low
22100152,379,steal,3,PT09M34.00S,09:34,Q3 09:34,67,69,1610612737.0,Hunter,D. Hunter STEAL (1 STL),turnover,2pt missed,2,Low
22100152,404,2pt,3,PT09M32.00S,09:32,Q3 09:32,67,69,1610612737.0,Young,MISS T. Young 9' running Layup - blocked,steal,block,2,Low
22100152,405,block,3,PT09M32.00S,09:32,Q3 09:32,67,69,1610612744.0,Curry,S. Curry BLOCK (1 BLK),2pt missed,rebound,2,Low
22100152,406,rebound,3,PT09M31.00S,09:31,Q3 09:31,67,69,1610612737.0,,TEAM offensive REBOUND,block,2pt made,2,Low
22100152,381,2pt,3,PT09M25.00S,09:25,Q3 09:25,67,71,1610612737.0,Capela,C. Capela 7' floating Jump Shot (2 PTS) (B. Bogdanovic 1 AST),rebound,2pt missed,4,Low
22100152,383,2pt,3,PT09M08.00S,09:08,Q3 09:08,67,71,1610612744.0,Green,MISS D. Green 18' Jump Shot,2pt made,rebound,4,Low
22100152,384,rebound,3,PT09M05.00S,09:05,Q3 09:05,67,71,1610612744.0,Green,D. Green REBOUND (Off:4 Def:2),2pt missed,foul,4,Low
22100152,386,foul,3,PT09M03.00S,09:03,Q3 09:03,67,71,1610612737.0,Bogdanovic,B. Bogdanovic personal FOUL (1 PF),rebound,3pt made,4,Low
22100152,388,3pt,3,PT08M57.00S,08:57,Q3 08:57,70,71,1610612744.0,Curry,S. Curry 28' 3PT  (27 PTS) (D. Green 5 AST),foul,2pt made,1,Low
22100152,390,2pt,3,PT08M45.00S,08:45,Q3 08:45,70,73,1610612737.0,Young,T. Young 19' pullup Jump Shot (25 PTS),3pt made,foul,3,Low
22100152,391,foul,3,PT08M32.00S,08:32,Q3 08:32,70,73,1610612737.0,Young,T. Young shooting personal FOUL (2 PF) (Curry 3 FT),2pt made,freethrow,3,Low
22100152,393,freethrow,3,PT08M32.00S,08:32,Q3 08:32,71,73,1610612744.0,Curry,S. Curry Free Throw 1 of 3 (28 PTS),foul,freethrow,2,Low
22100152,394,freethrow,3,PT08M32.00S,08:32,Q3 08:32,72,73,1610612744.0,Curry,S. Curry Free Throw 2 of 3 (29 PTS),freethrow,freethrow,1,Low
22100152,395,freethrow,3,PT08M32.00S,08:32,Q3 08:32,73,73,1610612744.0,Curry,S. Curry Free Throw 3 of 3 (30 PTS),freethrow,2pt made,0,Low
22100152,396,2pt,3,PT08M18.00S,08:18,Q3 08:18,73,75,1610612737.0,Hunter,D. Hunter 18' pullup Jump Shot (2 PTS) (J. Collins 1 AST),freethrow,turnover,2,Low
22100152,397,turnover,3,PT08M12.00S,08:12,Q3 08:12,73,75,1610612744.0,Curry,S. Curry bad pass out-of-bounds TURNOVER (2 TO),2pt made,2pt missed,2,Low
22100152,398,2pt,3,PT07M51.00S,07:51,Q3 07:51,73,75,1610612737.0,Capela,MISS C. Capela 6' floating Shot,turnover,rebound,2,Low
22100152,399,rebound,3,PT07M50.00S,07:50,Q3 07:50,73,75,1610612744.0,,TEAM defensive REBOUND,2pt missed,2pt made,2,Low
22100152,401,2pt,3,PT07M46.00S,07:46,Q3 07:46,75,75,1610612744.0,Poole,J. Poole running finger roll Layup (9 PTS) (S. Curry 7 AST),rebound,timeout,0,Low
22100152,403,timeout,3,PT07M46.00S,07:46,Q3 07:46,75,75,1610612737.0,,ATL Timeout,2pt made,2pt made,0,Low
22100152,407,2pt,3,PT07M30.00S,07:30,Q3 07:30,75,77,1610612737.0,Hunter,D. Hunter 17' pullup Jump Shot (4 PTS),timeout,2pt missed,2,Low
22100152,408,2pt,3,PT07M11.00S,07:11,Q3 07:11,75,77,1610612744.0,Curry,MISS S. Curry 10' driving floating Shot,2pt made,rebound,2,Low
22100152,409,rebound,3,PT07M09.00S,07:09,Q3 07:09,75,77,1610612737.0,Capela,C. Capela REBOUND (Off:1 Def:4),2pt missed,3pt missed,2,Low
22100152,410,3pt,3,PT06M56.00S,06:56,Q3 06:56,75,77,1610612737.0,Hunter,MISS D. Hunter 3PT,rebound,rebound,2,Low
22100152,411,rebound,3,PT06M53.00S,06:53,Q3 06:53,75,77,1610612744.0,Poole,J. Poole REBOUND (Off:0 Def:2),3pt missed,2pt made,2,Low
22100152,412,2pt,3,PT06M44.00S,06:44,Q3 06:44,77,77,1610612744.0,Poole,J. Poole driving finger roll Layup (11 PTS),rebound,turnover,0,Low
22100152,414,turnover,3,PT06M30.00S,06:30,Q3 06:30,77,77,1610612737.0,Capela,C. Capela lost ball out-of-bounds TURNOVER (1 TO),2pt made,2pt made,0,Low
22100152,415,2pt,3,PT06M19.00S,06:19,Q3 06:19,79,77,1610612744.0,Looney,K. Looney turnaround Hook (2 PTS) (S. Curry 8 AST),turnover,2pt made,2,Low
22100152,417,2pt,3,PT05M58.00S,05:58,Q3 05:58,79,79,1610612737.0,Bogdanovic,B. Bogdanovic driving reverse Layup (14 PTS),2pt made,2pt made,0,Low
22100152,418,2pt,3,PT05M48.00S,05:48,Q3 05:48,81,79,1610612744.0,Curry,S. Curry reverse Layup (32 PTS) (D. Green 6 AST),2pt made,3pt missed,2,Low
22100152,420,3pt,3,PT05M36.00S,05:36,Q3 05:36,81,79,1610612737.0,Collins,MISS J. Collins 26' 3PT,2pt made,rebound,2,Low
22100152,421,rebound,3,PT05M34.00S,05:34,Q3 05:34,81,79,1610612744.0,Poole,J. Poole REBOUND (Off:0 Def:3),3pt missed,2pt made,2,Low
22100152,422,2pt,3,PT05M26.00S,05:26,Q3 05:26,83,79,1610612744.0,Poole,J. Poole 10' driving finger roll Layup (13 PTS),rebound,3pt made,4,Low
22100152,423,3pt,3,PT05M14.00S,05:14,Q3 05:14,83,82,1610612737.0,Young,T. Young 28' 3PT pullup (28 PTS),2pt made,foul,1,Low
22100152,424,foul,3,PT05M08.00S,05:08,Q3 05:08,83,82,1610612737.0,Bogdanovic,B. Bogdanovic shooting personal FOUL (2 PF) (Looney 2 FT),3pt made,freethrow,1,Low
22100152,426,freethrow,3,PT05M08.00S,05:08,Q3 05:08,84,82,1610612744.0,Looney,K. Looney Free Throw 1 of 2 (3 PTS),foul,freethrow,2,Low
22100152,435,freethrow,3,PT05M08.00S,05:08,Q3 05:08,85,82,1610612744.0,Looney,K. Looney Free Throw 2 of 2 (4 PTS),freethrow,substitution,3,Low
22100152,427,substitution,3,PT05M08.00S,05:08,Q3 05:08,84,82,1610612744.0,Green,SUB out: D. Green,freethrow,substitution,2,Low
22100152,428,substitution,3,PT05M08.00S,05:08,Q3 05:08,84,82,1610612744.0,Curry,SUB out: S. Curry,substitution,substitution,2,Low
22100152,429,substitution,3,PT05M08.00S,05:08,Q3 05:08,84,82,1610612737.0,Hunter,SUB out: D. Hunter,substitution,substitution,2,Low
22100152,430,substitution,3,PT05M08.00S,05:08,Q3 05:08,84,82,1610612737.0,Capela,SUB out: C. Capela,substitution,substitution,2,Low
22100152,431,substitution,3,PT05M08.00S,05:08,Q3 05:08,84,82,1610612744.0,Payton II,SUB in: G. Payton II,substitution,substitution,2,Low
22100152,432,substitution,3,PT05M08.00S,05:08,Q3 05:08,84,82,1610612744.0,Bjelica,SUB in: N. Bjelica,substitution,substitution,2,Low
22100152,433,substitution,3,PT05M08.00S,05:08,Q3 05:08,84,82,1610612737.0,Huerter,SUB in: K. Huerter,substitution,substitution,2,Low
22100152,434,substitution,3,PT05M08.00S,05:08,Q3 05:08,84,82,1610612737.0,Gallinari,SUB in: D. Gallinari,substitution,3pt missed,2,Low
22100152,436,3pt,3,PT04M54.00S,04:54,Q3 04:54,85,82,1610612737.0,Gallinari,MISS D. Gallinari 3PT,substitution,rebound,3,Low
22100152,437,rebound,3,PT04M52.00S,04:52,Q3 04:52,85,82,1610612744.0,Looney,K. Looney REBOUND (Off:1 Def:4),3pt missed,2pt made,3,Low
22100152,438,2pt,3,PT04M38.00S,04:38,Q3 04:38,87,82,1610612744.0,Looney,K. Looney driving Layup (6 PTS) (J. Poole 2 AST),rebound,2pt missed,5,Low
22100152,440,2pt,3,PT04M17.00S,04:17,Q3 04:17,87,82,1610612737.0,Gallinari,MISS D. Gallinari 9' driving floating Shot,2pt made,rebound,5,Low
22100152,441,rebound,3,PT04M15.00S,04:15,Q3 04:15,87,82,1610612744.0,Looney,K. Looney REBOUND (Off:1 Def:5),2pt missed,3pt missed,5,Low
22100152,442,3pt,3,PT04M10.00S,04:10,Q3 04:10,87,82,1610612744.0,Poole,MISS J. Poole 26' 3PT,rebound,rebound,5,Low
22100152,443,rebound,3,PT04M08.00S,04:08,Q3 04:08,87,82,1610612744.0,Payton II,G. Payton II REBOUND (Off:1 Def:2),3pt missed,2pt missed,5,Low
22100152,444,2pt,3,PT03M56.00S,03:56,Q3 03:56,87,82,1610612744.0,Poole,MISS J. Poole 8' driving floating bank Shot,rebound,rebound,5,Low
22100152,445,rebound,3,PT03M54.00S,03:54,Q3 03:54,87,82,1610612737.0,Gallinari,D. Gallinari REBOUND (Off:0 Def:2),2pt missed,2pt missed,5,Low
22100152,446,2pt,3,PT03M45.00S,03:45,Q3 03:45,87,82,1610612737.0,Young,MISS T. Young 10' driving floating Shot,rebound,rebound,5,Low
22100152,447,rebound,3,PT03M43.00S,03:43,Q3 03:43,87,82,1610612744.0,Wiggins,A. Wiggins REBOUND (Off:1 Def:3),2pt missed,timeout,5,Low
22100152,448,timeout,3,PT03M38.00S,03:38,Q3 03:38,87,82,1610612744.0,,GSW Timeout,rebound,substitution,5,Low
22100152,450,substitution,3,PT03M38.00S,03:38,Q3 03:38,87,82,1610612744.0,Poole,SUB out: J. Poole,timeout,substitution,5,Low
22100152,451,substitution,3,PT03M38.00S,03:38,Q3 03:38,87,82,1610612744.0,Looney,SUB out: K. Looney,substitution,substitution,5,Low
22100152,452,substitution,3,PT03M38.00S,03:38,Q3 03:38,87,82,1610612744.0,Wiggins,SUB out: A. Wiggins,substitution,substitution,5,Low
22100152,453,substitution,3,PT03M38.00S,03:38,Q3 03:38,87,82,1610612737.0,Young,SUB out: T. Young,substitution,substitution,5,Low
22100152,454,substitution,3,PT03M38.00S,03:38,Q3 03:38,87,82,1610612737.0,Bogdanovic,SUB out: B. Bogdanovic,substitution,substitution,5,Low
22100152,455,substitution,3,PT03M38.00S,03:38,Q3 03:38,87,82,1610612737.0,Collins,SUB out: J. Collins,substitution,substitution,5,Low
22100152,456,substitution,3,PT03M38.00S,03:38,Q3 03:38,87,82,1610612744.0,Green,SUB in: D. Green,substitution,substitution,5,Low
22100152,457,substitution,3,PT03M38.00S,03:38,Q3 03:38,87,82,1610612744.0,Iguodala,SUB in: A. Iguodala,substitution,substitution,5,Low
22100152,458,substitution,3,PT03M38.00S,03:38,Q3 03:38,87,82,1610612744.0,Curry,SUB in: S. Curry,substitution,substitution,5,Low
22100152,459,substitution,3,PT03M38.00S,03:38,Q3 03:38,87,82,1610612737.0,Capela,SUB in: C. Capela,substitution,substitution,5,Low
22100152,460,substitution,3,PT03M38.00S,03:38,Q3 03:38,87,82,1610612737.0,Reddish,SUB in: C. Reddish,substitution,substitution,5,Low
22100152,461,substitution,3,PT03M38.00S,03:38,Q3 03:38,87,82,1610612737.0,Wright,SUB in: D. Wright,substitution,3pt missed,5,Low
22100152,462,3pt,3,PT03M33.00S,03:33,Q3 03:33,87,82,1610612744.0,Curry,MISS S. Curry 26' 3PT,substitution,rebound,5,Low
22100152,463,rebound,3,PT03M31.00S,03:31,Q3 03:31,87,82,1610612737.0,Gallinari,D. Gallinari REBOUND (Off:0 Def:3),3pt missed,turnover,5,Low
22100152,464,turnover,3,PT03M23.00S,03:23,Q3 03:23,87,82,1610612737.0,Wright,D. Wright bad pass out-of-bounds TURNOVER (1 TO),rebound,turnover,5,Low
22100152,465,turnover,3,PT03M10.00S,03:10,Q3 03:10,87,82,1610612744.0,Green,D. Green bad pass out-of-bounds TURNOVER (2 TO),turnover,2pt missed,5,Low
22100152,466,2pt,3,PT02M51.00S,02:51,Q3 02:51,87,82,1610612737.0,Gallinari,MISS D. Gallinari 16' Jump Shot,turnover,rebound,5,Low
22100152,467,rebound,3,PT02M49.00S,02:49,Q3 02:49,87,82,1610612744.0,Bjelica,N. Bjelica REBOUND (Off:0 Def:1),2pt missed,turnover,5,Low
22100152,468,turnover,3,PT02M39.00S,02:39,Q3 02:39,87,82,1610612744.0,Green,D. Green bad pass out-of-bounds TURNOVER (3 TO),rebound,turnover,5,Low
22100152,469,turnover,3,PT02M22.00S,02:22,Q3 02:22,87,82,1610612737.0,Reddish,C. Reddish lost ball TURNOVER (2 TO),turnover,steal,5,Low
22100152,470,steal,3,PT02M22.00S,02:22,Q3 02:22,87,82,1610612744.0,Green,D. Green STEAL (2 STL),turnover,2pt made,5,Low
22100152,471,2pt,3,PT02M17.00S,02:17,Q3 02:17,89,82,1610612744.0,Iguodala,A. Iguodala running alley-oop DUNK (4 PTS) (D. Green 7 AST),steal,3pt made,7,Low
22100152,473,3pt,3,PT01M58.00S,01:58,Q3 01:58,89,85,1610612737.0,Reddish,C. Reddish 27' 3PT step back (3 PTS),2pt made,2pt made,4,Low
22100152,474,2pt,3,PT01M47.00S,01:47,Q3 01:47,91,85,1610612744.0,Curry,S. Curry 17' pullup Jump Shot (34 PTS),3pt made,foul,6,Low
22100152,475,foul,3,PT01M47.00S,01:47,Q3 01:47,91,85,1610612737.0,Huerter,K. Huerter shooting personal FOUL (3 PF) (Curry 1 FT),2pt made,freethrow,6,Low
22100152,479,freethrow,3,PT01M47.00S,01:47,Q3 01:47,92,85,1610612744.0,Curry,S. Curry Free Throw 1 of 1 (35 PTS),foul,substitution,7,Low
22100152,477,substitution,3,PT01M47.00S,01:47,Q3 01:47,91,85,1610612744.0,Green,SUB out: D. Green,freethrow,substitution,6,Low
22100152,478,substitution,3,PT01M47.00S,01:47,Q3 01:47,91,85,1610612744.0,Toscano-Anderson,SUB in: J. Toscano-Anderson,substitution,foul,6,Low
22100152,480,foul,3,PT01M34.00S,01:34,Q3 01:34,92,85,1610612744.0,Toscano-Anderson,J. Toscano-Anderson personal FOUL (2 PF),substitution,substitution,7,Low
22100152,482,substitution,3,PT01M34.00S,01:34,Q3 01:34,92,85,1610612737.0,Capela,SUB out: C. Capela,foul,substitution,7,Low
22100152,483,substitution,3,PT01M34.00S,01:34,Q3 01:34,92,85,1610612737.0,Hill,SUB in: S. Hill,substitution,3pt missed,7,Low
22100152,484,3pt,3,PT01M21.00S,01:21,Q3 01:21,92,85,1610612737.0,Wright,MISS D. Wright 25' step back 3PT,substitution,rebound,7,Low
22100152,485,rebound,3,PT01M19.00S,01:19,Q3 01:19,92,85,1610612744.0,Payton II,G. Payton II REBOUND (Off:1 Def:3),3pt missed,3pt made,7,Low
22100152,486,3pt,3,PT01M13.00S,01:13,Q3 01:13,95,85,1610612744.0,Curry,S. Curry 29' 3PT  (38 PTS),rebound,turnover,10,Low
22100152,487,turnover,3,PT00M59.60S,00:59,Q3 00:59,95,85,1610612737.0,Huerter,K. Huerter lost ball TURNOVER (2 TO),3pt made,steal,10,Low
22100152,488,steal,3,PT00M59.60S,00:59,Q3 00:59,95,85,1610612744.0,Curry,S. Curry STEAL (1 STL),turnover,foul,10,Low
22100152,489,foul,3,PT00M58.70S,00:58,Q3 00:58,95,85,1610612737.0,Huerter,K. Huerter take personal FOUL (4 PF) (Curry 2 FT),steal,freethrow,10,Low
22100152,491,freethrow,3,PT00M58.70S,00:58,Q3 00:58,96,85,1610612744.0,Curry,S. Curry Free Throw 1 of 2 (39 PTS),foul,freethrow,11,Low
22100152,492,freethrow,3,PT00M58.70S,00:58,Q3 00:58,97,85,1610612744.0,Curry,S. Curry Free Throw 2 of 2 (40 PTS),freethrow,2pt missed,12,Low
22100152,493,2pt,3,PT00M45.00S,00:45,Q3 00:45,97,85,1610612737.0,Huerter,MISS K. Huerter 11' pullup Shot,freethrow,rebound,12,Low
22100152,494,rebound,3,PT00M43.40S,00:43,Q3 00:43,97,85,1610612744.0,Bjelica,N. Bjelica REBOUND (Off:0 Def:2),2pt missed,foul,12,Low
22100152,495,foul,3,PT00M37.30S,00:37,Q3 00:37,97,85,1610612737.0,Huerter,K. Huerter personal FOUL (5 PF) (Curry 2 FT),rebound,freethrow,12,Low
22100152,497,freethrow,3,PT00M37.30S,00:37,Q3 00:37,98,85,1610612744.0,Curry,S. Curry Free Throw 1 of 2 (41 PTS),foul,freethrow,13,Low
22100152,502,freethrow,3,PT00M37.30S,00:37,Q3 00:37,99,85,1610612744.0,Curry,S. Curry Free Throw 2 of 2 (42 PTS),freethrow,substitution,14,Low
22100152,498,substitution,3,PT00M37.30S,00:37,Q3 00:37,98,85,1610612744.0,Bjelica,SUB out: N. Bjelica,freethrow,substitution,13,Low
22100152,499,substitution,3,PT00M37.30S,00:37,Q3 00:37,98,85,1610612737.0,Huerter,SUB out: K. Huerter,substitution,substitution,13,Low
22100152,500,substitution,3,PT00M37.30S,00:37,Q3 00:37,98,85,1610612744.0,Green,SUB in: D. Green,substitution,substitution,13,Low
22100152,501,substitution,3,PT00M37.30S,00:37,Q3 00:37,98,85,1610612737.0,Bogdanovic,SUB in: B. Bogdanovic,substitution,2pt missed,13,Low
22100152,503,2pt,3,PT00M24.60S,00:24,Q3 00:24,99,85,1610612737.0,Reddish,MISS C. Reddish cutting Layup - blocked,substitution,block,14,Low
22100152,504,block,3,PT00M24.60S,00:24,Q3 00:24,99,85,1610612744.0,Toscano-Anderson,J. Toscano-Anderson BLOCK (1 BLK),2pt missed,rebound,14,Low
22100152,505,rebound,3,PT00M22.80S,00:22,Q3 00:22,99,85,1610612744.0,Curry,S. Curry REBOUND (Off:2 Def:4),block,3pt made,14,Low
22100152,506,3pt,3,PT00M03.40S,00:03,Q3 00:03,102,85,1610612744.0,Toscano-Anderson,J. Toscano-Anderson 27' 3PT  (6 PTS) (S. Curry 9 AST),rebound,3pt missed,17,Low
22100152,508,3pt,3,PT00M01.10S,00:01,Q3 00:01,102,85,1610612737.0,Wright,MISS D. Wright 51' running 3PT,3pt made,rebound,17,Low
22100152,509,rebound,3,PT00M00.10S,00:00,Q3 00:00,102,85,1610612737.0,,TEAM offensive REBOUND,3pt missed,substitution,17,Low
22100152,511,substitution,4,PT12M00.00S,12:00,Q4 12:00,102,85,1610612744.0,Green,SUB out: D. Green,rebound,substitution,17,Low
22100152,512,substitution,4,PT12M00.00S,12:00,Q4 12:00,102,85,1610612744.0,Lee,SUB in: D. Lee,substitution,2pt made,17,Low
22100152,514,2pt,4,PT11M48.00S,11:48,Q4 11:48,104,85,1610612744.0,Toscano-Anderson,J. Toscano-Anderson alley-oop DUNK (8 PTS) (A. Iguodala 2 AST),substitution,3pt made,19,Low
22100152,516,3pt,4,PT11M34.00S,11:34,Q4 11:34,104,88,1610612737.0,Bogdanovic,B. Bogdanovic 26' 3PT  (17 PTS) (D. Gallinari 1 AST),2pt made,3pt missed,16,Low
22100152,518,3pt,4,PT11M18.00S,11:18,Q4 11:18,104,88,1610612744.0,Lee,MISS D. Lee 27' 3PT,3pt made,rebound,16,Low
22100152,519,rebound,4,PT11M16.00S,11:16,Q4 11:16,104,88,1610612737.0,Reddish,C. Reddish REBOUND (Off:0 Def:2),3pt missed,turnover,16,Low
22100152,520,turnover,4,PT11M07.00S,11:07,Q4 11:07,104,88,1610612737.0,Bogdanovic,B. Bogdanovic traveling TURNOVER (1 TO),rebound,substitution,16,Low
22100152,521,substitution,4,PT11M07.00S,11:07,Q4 11:07,104,88,1610612737.0,Hill,SUB out: S. Hill,turnover,substitution,16,Low
22100152,522,substitution,4,PT11M07.00S,11:07,Q4 11:07,104,88,1610612737.0,Collins,SUB in: J. Collins,substitution,3pt made,16,Low
22100152,523,3pt,4,PT10M51.00S,10:51,Q4 10:51,107,88,1610612744.0,Curry,S. Curry 25' 3PT step back (45 PTS),substitution,foul,19,Low
22100152,524,foul,4,PT10M32.00S,10:32,Q4 10:32,107,88,1610612737.0,Gallinari,D. Gallinari offensive FOUL (1 PF),3pt made,turnover,19,Low
22100152,526,turnover,4,PT10M32.00S,10:32,Q4 10:32,107,88,1610612737.0,Gallinari,D. Gallinari offensive foul TURNOVER (3 TO),foul,substitution,19,Low
22100152,527,substitution,4,PT10M32.00S,10:32,Q4 10:32,107,88,1610612737.0,Wright,SUB out: D. Wright,turnover,substitution,19,Low
22100152,528,substitution,4,PT10M32.00S,10:32,Q4 10:32,107,88,1610612737.0,Gallinari,SUB out: D. Gallinari,substitution,substitution,19,Low
22100152,529,substitution,4,PT10M32.00S,10:32,Q4 10:32,107,88,1610612737.0,Reddish,SUB out: C. Reddish,substitution,substitution,19,Low
22100152,530,substitution,4,PT10M32.00S,10:32,Q4 10:32,107,88,1610612737.0,Hunter,SUB in: D. Hunter,substitution,substitution,19,Low
22100152,531,substitution,4,PT10M32.00S,10:32,Q4 10:32,107,88,1610612737.0,Capela,SUB in: C. Capela,substitution,substitution,19,Low
22100152,532,substitution,4,PT10M32.00S,10:32,Q4 10:32,107,88,1610612737.0,Young,SUB in: T. Young,substitution,3pt missed,19,Low
22100152,533,3pt,4,PT10M16.00S,10:16,Q4 10:16,107,88,1610612744.0,Curry,MISS S. Curry 31' 3PT,substitution,rebound,19,Low
22100152,534,rebound,4,PT10M14.00S,10:14,Q4 10:14,107,88,1610612737.0,Collins,J. Collins REBOUND (Off:0 Def:3),3pt missed,foul,19,Low
22100152,535,foul,4,PT10M07.00S,10:07,Q4 10:07,107,88,1610612744.0,Payton II,G. Payton II personal FOUL (3 PF),rebound,turnover,19,Low
22100152,537,turnover,4,PT09M59.00S,09:59,Q4 09:59,107,88,1610612737.0,Young,T. Young bad pass TURNOVER (3 TO),foul,steal,19,Low
22100152,538,steal,4,PT09M59.00S,09:59,Q4 09:59,107,88,1610612744.0,Curry,S. Curry STEAL (2 STL),turnover,2pt made,19,Low
22100152,539,2pt,4,PT09M55.00S,09:55,Q4 09:55,109,88,1610612744.0,Lee,D. Lee running alley-oop Layup (6 PTS) (S. Curry 10 AST),steal,timeout,21,Low
22100152,541,timeout,4,PT09M55.00S,09:55,Q4 09:55,109,88,1610612737.0,,ATL Timeout,2pt made,turnover,21,Low
22100152,542,turnover,4,PT09M51.00S,09:51,Q4 09:51,109,88,1610612737.0,Hunter,D. Hunter bad pass TURNOVER (1 TO),timeout,steal,21,Low
22100152,543,steal,4,PT09M51.00S,09:51,Q4 09:51,109,88,1610612744.0,Payton II,G. Payton II STEAL (3 STL),turnover,3pt missed,21,Low
22100152,544,3pt,4,PT09M47.00S,09:47,Q4 09:47,109,88,1610612744.0,Curry,MISS S. Curry 27' pullup 3PT,steal,rebound,21,Low
22100152,545,rebound,4,PT09M46.00S,09:46,Q4 09:46,109,88,1610612737.0,Young,T. Young REBOUND (Off:0 Def:2),3pt missed,3pt made,21,Low
22100152,546,3pt,4,PT09M35.00S,09:35,Q4 09:35,109,91,1610612737.0,Hunter,D. Hunter 3PT  (7 PTS) (B. Bogdanovic 2 AST),rebound,3pt missed,18,Low
22100152,548,3pt,4,PT09M07.00S,09:07,Q4 09:07,109,91,1610612744.0,Curry,MISS S. Curry 26' 3PT,3pt made,rebound,18,Low
22100152,549,rebound,4,PT09M05.00S,09:05,Q4 09:05,109,91,1610612737.0,Young,T. Young REBOUND (Off:0 Def:3),3pt missed,foul,18,Low
22100152,550,foul,4,PT08M56.00S,08:56,Q4 08:56,109,91,1610612744.0,Payton II,G. Payton II shooting personal FOUL (4 PF) (Hunter 2 FT),rebound,freethrow,18,Low
22100152,552,freethrow,4,PT08M56.00S,08:56,Q4 08:56,109,91,1610612737.0,Hunter,MISS D. Hunter Free Throw 1 of 2,foul,rebound,18,Low
22100152,553,rebound,4,PT08M56.00S,08:56,Q4 08:56,109,91,1610612737.0,,TEAM offensive REBOUND,freethrow,freethrow,18,Low
22100152,554,freethrow,4,PT08M56.00S,08:56,Q4 08:56,109,92,1610612737.0,Hunter,D. Hunter Free Throw 2 of 2 (8 PTS),rebound,3pt missed,17,Low
22100152,555,3pt,4,PT08M36.00S,08:36,Q4 08:36,109,92,1610612744.0,Toscano-Anderson,MISS J. Toscano-Anderson 3PT,freethrow,rebound,17,Low
22100152,556,rebound,4,PT08M33.00S,08:33,Q4 08:33,109,92,1610612737.0,Bogdanovic,B. Bogdanovic REBOUND (Off:0 Def:1),3pt missed,foul,17,Low
22100152,559,foul,4,PT08M19.00S,08:19,Q4 08:19,109,92,1610612744.0,Toscano-Anderson,J. Toscano-Anderson technical FOUL (1 Tech),rebound,freethrow,17,Low
22100152,560,freethrow,4,PT08M19.00S,08:19,Q4 08:19,109,92,1610612737.0,Young,MISS T. Young technical Free Throw 1 of 1,foul,rebound,17,Low
22100152,561,rebound,4,PT08M19.00S,08:19,Q4 08:19,109,92,1610612737.0,,TEAM offensive REBOUND,freethrow,turnover,17,Low
22100152,565,turnover,4,PT08M17.00S,08:17,Q4 08:17,109,92,1610612737.0,Bogdanovic,B. Bogdanovic lost ball TURNOVER (2 TO),rebound,steal,17,Low
22100152,566,steal,4,PT08M17.00S,08:17,Q4 08:17,109,92,1610612744.0,Toscano-Anderson,J. Toscano-Anderson STEAL (1 STL),turnover,2pt missed,17,Low
22100152,567,2pt,4,PT08M12.00S,08:12,Q4 08:12,109,92,1610612744.0,Payton II,MISS G. Payton II 9' driving floating Shot,steal,rebound,17,Low
22100152,568,rebound,4,PT08M10.00S,08:10,Q4 08:10,109,92,1610612737.0,Capela,C. Capela REBOUND (Off:1 Def:5),2pt missed,3pt made,17,Low
22100152,569,3pt,4,PT08M03.00S,08:03,Q4 08:03,109,95,1610612737.0,Hunter,D. Hunter 24' 3PT  (11 PTS) (T. Young 9 AST),rebound,timeout,14,Low
22100152,571,timeout,4,PT07M52.00S,07:52,Q4 07:52,109,95,1610612744.0,,GSW Timeout,3pt made,substitution,14,Low
22100152,572,substitution,4,PT07M52.00S,07:52,Q4 07:52,109,95,1610612744.0,Toscano-Anderson,SUB out: J. Toscano-Anderson,timeout,substitution,14,Low
22100152,573,substitution,4,PT07M52.00S,07:52,Q4 07:52,109,95,1610612744.0,Green,SUB in: D. Green,substitution,3pt made,14,Low
22100152,574,3pt,4,PT07M45.00S,07:45,Q4 07:45,112,95,1610612744.0,Lee,D. Lee 26' 3PT  (9 PTS) (D. Green 8 AST),substitution,3pt missed,17,Low
22100152,698,3pt,4,PT07M28.00S,07:28,Q4 07:28,112,95,1610612737.0,Hunter,MISS D. Hunter 28' 3PT,3pt made,rebound,17,Low
22100152,699,rebound,4,PT07M28.00S,07:28,Q4 07:28,112,95,1610612737.0,,TEAM offensive REBOUND,3pt missed,timeout,17,Low
22100152,578,timeout,4,PT07M28.00S,07:28,Q4 07:28,112,95,1610612744.0,,GSW Timeout,rebound,turnover,17,Low
22100152,583,turnover,4,PT07M17.00S,07:17,Q4 07:17,112,95,1610612737.0,Young,T. Young traveling TURNOVER (4 TO),timeout,foul,17,Low
22100152,584,foul,4,PT07M13.00S,07:13,Q4 07:13,112,95,1610612744.0,Payton II,G. Payton II off-the-ball offensive FOUL (5 PF),turnover,turnover,17,Low
22100152,586,turnover,4,PT07M13.00S,07:13,Q4 07:13,112,95,1610612744.0,Payton II,G. Payton II offensive foul TURNOVER (2 TO),foul,foul,17,Low
22100152,587,foul,4,PT07M04.00S,07:04,Q4 07:04,112,95,1610612744.0,Green,D. Green shooting personal FOUL (2 PF) (Collins 2 FT),turnover,freethrow,17,Low
22100152,589,freethrow,4,PT07M04.00S,07:04,Q4 07:04,112,95,1610612737.0,Collins,MISS J. Collins Free Throw 1 of 2,foul,rebound,17,Low
22100152,590,rebound,4,PT07M04.00S,07:04,Q4 07:04,112,95,1610612737.0,,TEAM offensive REBOUND,freethrow,freethrow,17,Low
22100152,591,freethrow,4,PT07M04.00S,07:04,Q4 07:04,112,96,1610612737.0,Collins,J. Collins Free Throw 2 of 2 (19 PTS),rebound,3pt made,16,Low
22100152,592,3pt,4,PT06M51.00S,06:51,Q4 06:51,115,96,1610612744.0,Curry,S. Curry 24' 3PT step back (48 PTS) (D. Green 9 AST),freethrow,3pt missed,19,Low
22100152,594,3pt,4,PT06M39.00S,06:39,Q4 06:39,115,96,1610612737.0,Bogdanovic,MISS B. Bogdanovic 29' running pullup 3PT,3pt made,rebound,19,Low
22100152,595,rebound,4,PT06M37.00S,06:37,Q4 06:37,115,96,1610612737.0,,TEAM offensive REBOUND,3pt missed,substitution,19,Low
22100152,597,substitution,4,PT06M37.00S,06:37,Q4 06:37,115,96,1610612737.0,Capela,SUB out: C. Capela,rebound,substitution,19,Low
22100152,598,substitution,4,PT06M37.00S,06:37,Q4 06:37,115,96,1610612737.0,Huerter,SUB in: K. Huerter,substitution,3pt missed,19,Low
22100152,599,3pt,4,PT06M35.00S,06:35,Q4 06:35,115,96,1610612737.0,Bogdanovic,MISS B. Bogdanovic 3PT,substitution,rebound,19,Low
22100152,600,rebound,4,PT06M32.00S,06:32,Q4 06:32,115,96,1610612744.0,Curry,S. Curry REBOUND (Off:2 Def:5),3pt missed,3pt missed,19,Low
22100152,601,3pt,4,PT06M30.00S,06:30,Q4 06:30,115,96,1610612744.0,Curry,MISS S. Curry 29' step back 3PT,rebound,rebound,19,Low
22100152,602,rebound,4,PT06M27.00S,06:27,Q4 06:27,115,96,1610612737.0,Collins,J. Collins REBOUND (Off:0 Def:4),3pt missed,2pt missed,19,Low
22100152,604,2pt,4,PT06M15.00S,06:15,Q4 06:15,115,96,1610612737.0,Bogdanovic,MISS B. Bogdanovic 6' driving Layup - blocked,rebound,block,19,Low
22100152,605,block,4,PT06M15.00S,06:15,Q4 06:15,115,96,1610612744.0,Iguodala,A. Iguodala BLOCK (1 BLK),2pt missed,rebound,19,Low
22100152,606,rebound,4,PT06M13.00S,06:13,Q4 06:13,115,96,1610612744.0,Green,D. Green REBOUND (Off:4 Def:3),block,3pt missed,19,Low
22100152,607,3pt,4,PT05M55.00S,05:55,Q4 05:55,115,96,1610612744.0,Curry,MISS S. Curry 26' pullup 3PT,rebound,rebound,19,Low
22100152,608,rebound,4,PT05M53.00S,05:53,Q4 05:53,115,96,1610612744.0,Lee,D. Lee REBOUND (Off:1 Def:0),3pt missed,3pt missed,19,Low
22100152,609,3pt,4,PT05M48.00S,05:48,Q4 05:48,115,96,1610612744.0,Lee,MISS D. Lee 3PT,rebound,rebound,19,Low
22100152,610,rebound,4,PT05M48.00S,05:48,Q4 05:48,115,96,1610612737.0,Collins,J. Collins REBOUND (Off:0 Def:5),3pt missed,foul,19,Low
22100152,611,foul,4,PT05M48.00S,05:48,Q4 05:48,115,96,1610612744.0,Payton II,G. Payton II personal FOUL (6 PF),rebound,substitution,19,Low
22100152,614,substitution,4,PT05M48.00S,05:48,Q4 05:48,115,96,1610612744.0,Payton II,SUB out: G. Payton II,foul,substitution,19,Low
22100152,615,substitution,4,PT05M48.00S,05:48,Q4 05:48,115,96,1610612744.0,Poole,SUB in: J. Poole,substitution,turnover,19,Low
22100152,616,turnover,4,PT05M38.00S,05:38,Q4 05:38,115,96,1610612737.0,Huerter,K. Huerter bad pass TURNOVER (3 TO),substitution,steal,19,Low
22100152,617,steal,4,PT05M38.00S,05:38,Q4 05:38,115,96,1610612744.0,Poole,J. Poole STEAL (2 STL),turnover,foul,19,Low
22100152,618,foul,4,PT05M22.00S,05:22,Q4 05:22,115,96,1610612737.0,Hunter,D. Hunter personal FOUL (3 PF),steal,2pt missed,19,Low
22100152,620,2pt,4,PT05M17.00S,05:17,Q4 05:17,115,96,1610612744.0,Curry,MISS S. Curry 9' driving floating bank Shot,foul,rebound,19,Low
22100152,621,rebound,4,PT05M15.00S,05:15,Q4 05:15,115,96,1610612737.0,Collins,J. Collins REBOUND (Off:0 Def:6),2pt missed,2pt missed,19,Low
22100152,622,2pt,4,PT05M10.00S,05:10,Q4 05:10,115,96,1610612737.0,Young,MISS T. Young 8' driving floating Shot,rebound,rebound,19,Low
22100152,623,rebound,4,PT05M08.00S,05:08,Q4 05:08,115,96,1610612744.0,Lee,D. Lee REBOUND (Off:1 Def:1),2pt missed,2pt made,19,Low
22100152,624,2pt,4,PT05M00.00S,05:00,Q4 05:00,117,96,1610612744.0,Iguodala,A. Iguodala running alley-oop DUNK (6 PTS) (D. Lee 2 AST),rebound,timeout,21,Low
22100152,626,timeout,4,PT05M00.00S,05:00,Q4 05:00,117,96,1610612737.0,,ATL Timeout,2pt made,substitution,21,Low
22100152,627,substitution,4,PT05M00.00S,05:00,Q4 05:00,117,96,1610612744.0,Iguodala,SUB out: A. Iguodala,timeout,substitution,21,Low
22100152,628,substitution,4,PT05M00.00S,05:00,Q4 05:00,117,96,1610612737.0,Young,SUB out: T. Young,substitution,substitution,21,Low
22100152,629,substitution,4,PT05M00.00S,05:00,Q4 05:00,117,96,1610612737.0,Hunter,SUB out: D. Hunter,substitution,substitution,21,Low
22100152,630,substitution,4,PT05M00.00S,05:00,Q4 05:00,117,96,1610612737.0,Bogdanovic,SUB out: B. Bogdanovic,substitution,substitution,21,Low
22100152,631,substitution,4,PT05M00.00S,05:00,Q4 05:00,117,96,1610612737.0,Collins,SUB out: J. Collins,substitution,substitution,21,Low
22100152,632,substitution,4,PT05M00.00S,05:00,Q4 05:00,117,96,1610612744.0,Wiggins,SUB in: A. Wiggins,substitution,substitution,21,Low
22100152,633,substitution,4,PT05M00.00S,05:00,Q4 05:00,117,96,1610612737.0,Dieng,SUB in: G. Dieng,substitution,substitution,21,Low
22100152,634,substitution,4,PT05M00.00S,05:00,Q4 05:00,117,96,1610612737.0,Luwawu-Cabarrot,SUB in: T. Luwawu-Cabarrot,substitution,substitution,21,Low
22100152,635,substitution,4,PT05M00.00S,05:00,Q4 05:00,117,96,1610612737.0,Hill,SUB in: S. Hill,substitution,substitution,21,Low
22100152,636,substitution,4,PT05M00.00S,05:00,Q4 05:00,117,96,1610612737.0,Wright,SUB in: D. Wright,substitution,turnover,21,Low
22100152,637,turnover,4,PT04M41.00S,04:41,Q4 04:41,117,96,1610612737.0,Huerter,K. Huerter bad pass TURNOVER (4 TO),substitution,steal,21,Low
22100152,638,steal,4,PT04M41.00S,04:41,Q4 04:41,117,96,1610612744.0,Curry,S. Curry STEAL (3 STL),turnover,2pt made,21,Low
22100152,639,2pt,4,PT04M23.00S,04:23,Q4 04:23,119,96,1610612744.0,Lee,D. Lee cutting Layup (11 PTS) (J. Poole 3 AST),steal,3pt made,23,Low
22100152,641,3pt,4,PT04M11.00S,04:11,Q4 04:11,119,99,1610612737.0,Luwawu-Cabarrot,T. Luwawu-Cabarrot 3PT  (3 PTS) (G. Dieng 1 AST),2pt made,2pt made,20,Low
22100152,643,2pt,4,PT03M59.00S,03:59,Q4 03:59,121,99,1610612744.0,Curry,S. Curry 15' driving floating Jump Shot (50 PTS),3pt made,foul,22,Low
22100152,644,foul,4,PT03M52.00S,03:52,Q4 03:52,121,99,1610612744.0,Green,D. Green take personal FOUL (3 PF) (Luwawu-Cabarrot 2 FT),2pt made,freethrow,22,Low
22100152,646,freethrow,4,PT03M52.00S,03:52,Q4 03:52,121,100,1610612737.0,Luwawu-Cabarrot,T. Luwawu-Cabarrot Free Throw 1 of 2 (4 PTS),foul,freethrow,21,Low
22100152,653,freethrow,4,PT03M52.00S,03:52,Q4 03:52,121,101,1610612737.0,Luwawu-Cabarrot,T. Luwawu-Cabarrot Free Throw 2 of 2 (5 PTS),freethrow,substitution,20,Low
22100152,647,substitution,4,PT03M52.00S,03:52,Q4 03:52,121,100,1610612744.0,Green,SUB out: D. Green,freethrow,substitution,21,Low
22100152,648,substitution,4,PT03M52.00S,03:52,Q4 03:52,121,100,1610612744.0,Curry,SUB out: S. Curry,substitution,substitution,21,Low
22100152,649,substitution,4,PT03M52.00S,03:52,Q4 03:52,121,100,1610612744.0,Wiggins,SUB out: A. Wiggins,substitution,substitution,21,Low
22100152,650,substitution,4,PT03M52.00S,03:52,Q4 03:52,121,100,1610612744.0,Dowtin,SUB in: J. Dowtin,substitution,substitution,21,Low
22100152,651,substitution,4,PT03M52.00S,03:52,Q4 03:52,121,100,1610612744.0,Kuminga,SUB in: J. Kuminga,substitution,substitution,21,Low
22100152,652,substitution,4,PT03M52.00S,03:52,Q4 03:52,121,100,1610612744.0,Toscano-Anderson,SUB in: J. Toscano-Anderson,substitution,2pt missed,21,Low
22100152,654,2pt,4,PT03M37.00S,03:37,Q4 03:37,121,101,1610612744.0,Poole,MISS J. Poole 7' driving floating Shot,substitution,rebound,20,Low
22100152,655,rebound,4,PT03M35.00S,03:35,Q4 03:35,121,101,1610612737.0,Dieng,G. Dieng REBOUND (Off:0 Def:1),2pt missed,3pt made,20,Low
22100152,656,3pt,4,PT03M27.00S,03:27,Q4 03:27,121,104,1610612737.0,Dieng,G. Dieng 26' 3PT pullup (3 PTS) (S. Hill 1 AST),rebound,3pt made,17,Low
22100152,658,3pt,4,PT03M10.00S,03:10,Q4 03:10,124,104,1610612744.0,Toscano-Anderson,J. Toscano-Anderson 26' 3PT  (11 PTS) (J. Poole 4 AST),3pt made,foul,20,Low
22100152,660,foul,4,PT02M57.00S,02:57,Q4 02:57,124,104,1610612744.0,Dowtin,J. Dowtin personal FOUL (1 PF) (Wright 2 FT),3pt made,freethrow,20,Low
22100152,662,freethrow,4,PT02M57.00S,02:57,Q4 02:57,124,104,1610612737.0,Wright,MISS D. Wright Free Throw 1 of 2,foul,rebound,20,Low
22100152,663,rebound,4,PT02M57.00S,02:57,Q4 02:57,124,104,1610612737.0,,TEAM offensive REBOUND,freethrow,freethrow,20,Low
22100152,666,freethrow,4,PT02M57.00S,02:57,Q4 02:57,124,105,1610612737.0,Wright,D. Wright Free Throw 2 of 2 (5 PTS),rebound,substitution,19,Low
22100152,664,substitution,4,PT02M57.00S,02:57,Q4 02:57,124,104,1610612744.0,Lee,SUB out: D. Lee,freethrow,substitution,20,Low
22100152,665,substitution,4,PT02M57.00S,02:57,Q4 02:57,124,104,1610612744.0,Moody,SUB in: M. Moody,substitution,turnover,20,Low
22100152,667,turnover,4,PT02M37.00S,02:37,Q4 02:37,124,105,1610612744.0,Toscano-Anderson,J. Toscano-Anderson bad pass TURNOVER (1 TO),substitution,steal,19,Low
22100152,668,steal,4,PT02M37.00S,02:37,Q4 02:37,124,105,1610612737.0,Luwawu-Cabarrot,T. Luwawu-Cabarrot STEAL (1 STL),turnover,3pt missed,19,Low
22100152,669,3pt,4,PT02M17.00S,02:17,Q4 02:17,124,105,1610612737.0,Huerter,MISS K. Huerter 24' 3PT,steal,rebound,19,Low
22100152,670,rebound,4,PT02M15.00S,02:15,Q4 02:15,124,105,1610612737.0,,TEAM offensive REBOUND,3pt missed,3pt made,19,Low
22100152,672,3pt,4,PT02M03.00S,02:03,Q4 02:03,124,108,1610612737.0,Huerter,K. Huerter 26' 3PT step back (11 PTS),rebound,turnover,16,Low
22100152,673,turnover,4,PT01M53.00S,01:53,Q4 01:53,124,108,1610612744.0,Toscano-Anderson,J. Toscano-Anderson bad pass TURNOVER (2 TO),3pt made,steal,16,Low
22100152,674,steal,4,PT01M53.00S,01:53,Q4 01:53,124,108,1610612737.0,Wright,D. Wright STEAL (2 STL),turnover,3pt missed,16,Low
22100152,675,3pt,4,PT01M49.00S,01:49,Q4 01:49,124,108,1610612737.0,Luwawu-Cabarrot,MISS T. Luwawu-Cabarrot 26' running 3PT,steal,rebound,16,Low
22100152,676,rebound,4,PT01M47.00S,01:47,Q4 01:47,124,108,1610612744.0,Dowtin,J. Dowtin REBOUND (Off:0 Def:1),3pt missed,3pt made,16,Low
22100152,677,3pt,4,PT01M32.00S,01:32,Q4 01:32,127,108,1610612744.0,Poole,J. Poole 28' 3PT  (16 PTS) (J. Toscano-Anderson 1 AST),rebound,3pt missed,19,Low
22100152,679,3pt,4,PT01M24.00S,01:24,Q4 01:24,127,108,1610612737.0,Luwawu-Cabarrot,MISS T. Luwawu-Cabarrot 27' 3PT,3pt made,rebound,19,Low
22100152,680,rebound,4,PT01M22.00S,01:22,Q4 01:22,127,108,1610612744.0,Poole,J. Poole REBOUND (Off:0 Def:4),3pt missed,3pt missed,19,Low
22100152,681,3pt,4,PT01M15.00S,01:15,Q4 01:15,127,108,1610612744.0,Poole,MISS J. Poole 31' 3PT,rebound,rebound,19,Low
22100152,682,rebound,4,PT01M13.00S,01:13,Q4 01:13,127,108,1610612737.0,Wright,D. Wright REBOUND (Off:2 Def:3),3pt missed,2pt made,19,Low
22100152,683,2pt,4,PT01M05.00S,01:05,Q4 01:05,127,110,1610612737.0,Luwawu-Cabarrot,T. Luwawu-Cabarrot reverse Layup (7 PTS) (D. Wright 2 AST),rebound,foul,17,Low
22100152,685,foul,4,PT01M05.00S,01:05,Q4 01:05,127,110,1610612744.0,Poole,J. Poole shooting personal FOUL (2 PF) (Luwawu-Cabarrot 1 FT),2pt made,freethrow,17,Low
22100152,687,freethrow,4,PT01M05.00S,01:05,Q4 01:05,127,111,1610612737.0,Luwawu-Cabarrot,T. Luwawu-Cabarrot Free Throw 1 of 1 (8 PTS),foul,2pt missed,16,Low
22100152,688,2pt,4,PT00M53.10S,00:53,Q4 00:53,127,111,1610612744.0,Dowtin,MISS J. Dowtin 7' driving floating bank Shot,freethrow,rebound,16,Low
22100152,689,rebound,4,PT00M51.40S,00:51,Q4 00:51,127,111,1610612737.0,Dieng,G. Dieng REBOUND (Off:0 Def:2),2pt missed,foul,16,Low
22100152,690,foul,4,PT00M45.80S,00:45,Q4 00:45,127,111,1610612744.0,Kuminga,J. Kuminga personal FOUL (2 PF) (Wright 2 FT),rebound,freethrow,16,Low
22100152,692,freethrow,4,PT00M45.80S,00:45,Q4 00:45,127,112,1610612737.0,Wright,D. Wright Free Throw 1 of 2 (6 PTS),foul,freethrow,15,Low
22100152,693,freethrow,4,PT00M45.80S,00:45,Q4 00:45,127,113,1610612737.0,Wright,D. Wright Free Throw 2 of 2 (7 PTS),freethrow,3pt missed,14,Low
22100152,694,3pt,4,PT00M24.70S,00:24,Q4 00:24,127,113,1610612744.0,Poole,MISS J. Poole 26' step back 3PT,freethrow,rebound,14,Low
22100152,695,rebound,4,PT00M22.90S,00:22,Q4 00:22,127,113,1610612737.0,Hill,S. Hill REBOUND (Off:0 Def:2),3pt missed,,14,Low
